version: 1
creator: callgrind-3.11.0
pid: 12616
cmd:  test/obj/sumtables-aa-benchmark avx2
part: 1


desc: I1 cache: 
desc: D1 cache: 
desc: LL cache: 

desc: Timerange: Basic block 0 - 214978127
desc: Trigger: Program termination

positions: line
events: Ir
summary: 4012417676


ob=(4) /lib/x86_64-linux-gnu/libm-2.23.so
fl=(60) /build/glibc-bfm8X4/glibc-2.23/math/../sysdeps/x86_64/fpu/multiarch/e_pow.c
fn=(216) __pow_finite
8 5

fl=(125) /build/glibc-bfm8X4/glibc-2.23/math/../sysdeps/ieee754/dbl-64/e_log.c
fn=(684) __ieee754_log_avx
78 460
-20 1840
+19 460
-19 920
+20 460
-20 460
+23 460
-23 460
+23 460
-1 460
+11 920
+5 920
+1 460
-1 460
+1 1840
+71 456
+1 456
-1 912
+1 912
-1 456
+1 456
-1 456
+1 456
+1 1824
+2 156
+1 156
+6 156
-3 156
+3 156
+8 312
-11 156
+20 156
-17 156
+1 312
+3 312
+4 156
-4 156
+14 156
-10 156
-4 312
+13 156
-13 156
+4 156
-4 156
+1 312
+3 312
+2 156
-2 156
+2 312
+8 156
+2 156
-2 312
+4 156
-12 156
+12 312
-14 468
+1 156
+2 312
+3 936
+5 156
+1 468
+1 156
+1 468
-22 300
-3 300
+3 300
+8 600
-11 300
+20 300
-17 300
+1 600
+3 600
+4 300
-4 300
+14 300
-10 300
-4 600
+13 300
-13 300
+4 300
-4 300
+1 600
+3 600
+2 300
-2 300
+2 600
+8 300
+2 300
-2 600
+4 300
-12 300
+12 600
-14 900
+1 300
+2 600
+3 1800
+5 300
+1 900
+1 300
+1 1940
+1 4424
+1 1164
+4 388
-4 1164
+1 388
+3 2716
-4 204
+4 68
-4 204
+1 68
+3 932
-6 1176
+57 4140
-56 204
101 12
+1 4
-1 4
+5 4
+1 8
-1 4
+1 56
+1 8
-1 8
+1 4
-1 36
+1 12
+3 4
+8 4
-8 12
+1 8
+1 8
+1 8
+1 8
+1 8
+1 16
+2 20
+3 40
-14 16

fl=(57) /build/glibc-bfm8X4/glibc-2.23/math/../sysdeps/x86_64/fpu/multiarch/s_rint.S
fn=(210) rint
25 1
+1 1
+1 1
+1 1
+2 1

fl=(56) /build/glibc-bfm8X4/glibc-2.23/math/../sysdeps/x86_64/fpu/multiarch/s_sin.c
fn=(208) cos
12 8

fl=(62) /build/glibc-bfm8X4/glibc-2.23/math/../sysdeps/x86_64/fpu/multiarch/s_rintf.S
fn=(220) rintf
25 1
+1 1
+1 1
+1 1
+2 1

fl=(124) /build/glibc-bfm8X4/glibc-2.23/math/w_log.c
fn=(680) log
28 1380
+14 460
cfi=(125)
cfn=(684)
calls=460 +36 
* 62776
* 460

fl=(59) /build/glibc-bfm8X4/glibc-2.23/math/../sysdeps/x86_64/fpu/multiarch/s_ceil.S
fn=(214) ceil
25 1
+1 1
+1 1
+1 1
+2 1

fl=(65) /build/glibc-bfm8X4/glibc-2.23/math/../sysdeps/x86_64/fpu/multiarch/s_floor.S
fn=(226) floor
25 1
+1 1
+1 1
+1 1
+2 1

fl=(128) /build/glibc-bfm8X4/glibc-2.23/math/w_pow.c
fn=(702) pow
26 48
+1 144
cfi=(129) /build/glibc-bfm8X4/glibc-2.23/math/../sysdeps/ieee754/dbl-64/e_pow.c
cfn=(706) __ieee754_pow_sse2
calls=48 +38 
* 13872
* 48
+1 384
+30 192
+15 96

fl=(127) /build/glibc-bfm8X4/glibc-2.23/math/../sysdeps/ieee754/dbl-64/e_exp.c
fn=(710) __exp1
249 48
-1 48
+1 48
+1 96
+2 144
+2 48
+19 48
+7 48
-26 96
+5 48
-5 48
+26 48
-25 48
+2 48
+5 48
-7 48
+13 144
-13 48
+4 48
+1 48
+5 48
-5 48
+2 96
+2 48
+1 48
+5 48
+1 48
-1 48
+1 48
-1 48
+3 48
+1 48
-9 48
+5 48
+4 144
-1 48
+1 48
-1 96
-8 48
+1 48
+7 96
-7 96
+7 48
-7 48
+8 48
-8 96
+8 144
-8 48
+8 48
+3 96
-3 48
+3 48
-3 48
+3 144
+1 96
+2 336
+1 192

fn=(696) __ieee754_exp_avx
56 1040
fi=(130) /build/glibc-bfm8X4/glibc-2.23/math/../sysdeps/i386/fpu/fenv_private.h
429 260
+1 780
+3 260
-3 260
+3 260
fe=(127)
66 260
-1 260
+1 260
+1 520
+2 780
+2 260
+6 260
-6 260
+19 260
-19 260
+8 260
-3 260
-5 260
+1 260
+2 260
-2 260
+13 1040
-13 260
+4 260
+1 520
+2 260
-2 260
+2 260
+2 260
+1 260
+5 260
+1 260
-1 260
+1 260
-1 260
+3 260
+1 260
-9 260
+1 260
+4 260
+4 780
-1 260
-8 260
+8 520
+1 260
-1 520
-7 520
+7 260
-7 260
+8 260
-8 520
+8 780
-8 260
+8 260
+3 520
-3 260
+3 260
-3 260
+3 780
+1 520
+2 1820
+2 520
fi=(130)
445 520
fe=(127)
231 1040

fl=(55) /build/glibc-bfm8X4/glibc-2.23/math/../sysdeps/x86_64/fpu/multiarch/e_exp.c
fn=(206) __exp_finite
9 8

fl=(129)
fn=(706)
65 48
+5 48
-5 96
+6 48
-6 48
+7 48
-7 48
+7 64
+16 144
+3 192
-2 96
fi=(130)
429 48
+1 48
+3 48
-3 96
+3 48
-3 48
+3 48
fe=(129)
100 720
261 48
-1 48
+6 48
-16 48
+11 48
+3 48
-3 48
+3 48
+8 192
+2 20
+1 100
+8 160
+1 20
+1 20
+1 20
-1 20
+1 20
-11 112
+8 224
+1 28
+1 28
+1 28
-1 28
+1 28
+40 16
+1 16
-2 16
+2 16
+4 16
-5 16
+1 16
+1 16
+5 16
-6 16
+1 16
+3 16
+2 32
-7 16
+3 32
+2 16
+2 16
-1 16
-1 16
+1 16
+1 304
+2 16
-2 16
+2 16
+2 48
+1 16
-2 16
106 16
+8 48
-8 48
+8 16
-5 16
-2 16
+3 16
-4 32
+8 96
-8 96
+8 32
-5 32
-2 32
+3 32
+4 32
-7 64
+3 32
-1 32
+1 32
-1 32
+1 32
+4 32
-4 96
+1 64
+3 96
cfi=(127)
cfn=(710)
calls=32 249 
* 2720
* 16
-7 32
+3 16
-1 16
+1 16
-1 16
+1 16
+4 16
-4 48
+1 32
+3 48
cfi=(127)
cfn=(710)
calls=16 249 
* 1360
+1 432
fi=(130)
445 96
fe=(129)
118 144
+2 144
+3 144
+91 192
74 176
+2 132
+2 132
195 44
78 44
+2 132
+2 132
+2 176
280 28
-1 28
+1 56
+8 96
+16 64
+6 32
-6 32
+9 32
-9 96
+11 32
-11 160
+2 32
+2 32
+7 32
-9 32
+1 32
+1 32
-1 32
+3 32
+3 32
+2 32
-7 32
+2 32
+3 32
-4 32
+4 32
-3 32
+1 32
+4 64
-4 32
+3 32
+1 64
-1 32
+1 320
+4 32
-4 96
+2 64
+2 64
-1 32
+1 32
+1 64

fl=(58) /build/glibc-bfm8X4/glibc-2.23/math/../sysdeps/x86_64/fpu/multiarch/s_ceilf.S
fn=(212) ceilf
25 1
+1 1
+1 1
+1 1
+2 1

fl=(64) /build/glibc-bfm8X4/glibc-2.23/math/../sysdeps/x86_64/fpu/multiarch/s_floorf.S
fn=(224) floorf
25 1
+1 1
+1 1
+1 1
+2 1

fl=(114) /build/glibc-bfm8X4/glibc-2.23/math/../sysdeps/ieee754/dbl-64/s_expm1.c
fn=(580) expm1
137 20160
+6 6720
-5 6720
+5 6720
-5 6720
+8 13440
257 5528
-84 13440
+23 11653
+7 3741
+3 3741
+1 3741
+4 3741
+3 3741
-8 3741
+5 7482
-4 3741
+4 3741
-3 3741
+3 3741
-3 3741
+3 33669
+1 3741
-1 3741
+1 11223
+1 22446
+1 3741
-8 2764
+1 2764
+4 2764
+3 2764
-8 2764
+5 5528
-4 2764
+4 2764
-3 2764
+3 2764
-3 2764
+3 24876
+1 2764
-1 2764
+1 8292
+1 16584
+1 2764
+4 2764
+2 2764
-2 5528
+1 2764
+1 2764
+2 2754
+7 4131
-31 1075
+1 430
+1 645
+57 430
-82 5528
+2 1387
+2 1387
-2 1387
+6 5548
+10 2774
+1 4161
-1 2754
+1 4131
+21 14964
+42 7482
-69 1377
+2 2754
-2 1377
+1 2754
+1 1377
+1 1377
-1 2754
+42 2754
+2 1377
-2 1377
+1 1377
-1 1377
+1 1377
+1 9639
+1 2754
-14 6935
-33 9639

fl=(63) /build/glibc-bfm8X4/glibc-2.23/math/../sysdeps/x86_64/fpu/multiarch/e_asin.c
fn=(228) __asin_finite
16 5

fn=(222) __acos_finite
10 5

fl=(126) /build/glibc-bfm8X4/glibc-2.23/math/../sysdeps/ieee754/dbl-64/w_exp.c
fn=(692) exp
25 260
+1 520
cfi=(127)
cfn=(696)
calls=260 +30 
* 26000
* 260
+1 2600
+5 520

fl=(61) ???
fn=(218) __log_finite
0 8

fn=(232) sin
0 8

fn=(784) 0x0000000000005600
0 9

fn=(286) 0x00000000000056d0
0 17

fn=(230) __atan2_finite
0 8

fn=(774) 0x0000000000005690
0 8
cob=(2) ???
cfi=(16) ???
cfn=(780) 0x00000000052635f8
calls=1 0 
0 57
0 1
cfn=(784)
calls=1 0 
0 9
0 3

ob=(2)
fl=(16)
fn=(86) 0x0000000004000ab0
0 3
cob=(1) /lib/x86_64-linux-gnu/ld-2.23.so
cfi=(17) /build/glibc-bfm8X4/glibc-2.23/elf/dl-minimal.c
cfn=(88) free
calls=3 120 
0 18

fn=(740) 0x0000000004a28570
0 1
cob=(3) /lib/x86_64-linux-gnu/libc-2.23.so
cfi=(134) /build/glibc-bfm8X4/glibc-2.23/stdlib/cxa_finalize.c
cfn=(742) __cxa_finalize
calls=1 31 
0 56

fn=(754) 0x0000000004a287b8
0 3

fn=(790) 0x00000000052d4d0c
0 3

fn=(294) 0x0000000004c30ce0
0 6

fn=(336) 0x0000000000400f48
0 6

fn=(248) 0x0000000004a28530
0 6

fn=(780)
0 1
cob=(3)
cfi=(134)
cfn=(742)
calls=1 31 
0 56

fn=(282) 0x0000000005263428
0 6

fn=(732) 0x0000000000401d44
0 3

fn=(772) 0x0000000004c7cb7c
0 3

fn=(762) 0x0000000004c31938
0 1
cob=(3)
cfi=(134)
cfn=(742)
calls=1 31 
0 56

ob=(6) /home/biczokrf/libpll/src/.libs/libpll.so.0.0.0
fl=(112) /home/biczokrf/libpll/src/core_pmatrix_avx2.c
fn=(572) pll_core_update_pmatrix_20x20_avx2
49 576
+13 36
-13 36
+13 72
-13 432
+13 36
+4 36
-4 36
cfi=(96) /home/biczokrf/libpll/src/pll.c
cfn=(424) pll_aligned_alloc
calls=36 +52 
* 13632
* 36
+1 72
-1 72
+1 36
cfi=(96)
cfn=(424)
calls=36 +51 
* 25304
* 36
+3 72
-3 72
+3 36
cob=(3)
cfi=(87) /build/glibc-bfm8X4/glibc-2.23/malloc/malloc.c
cfn=(418) calloc
calls=36 3172 
* 7094
* 36
+1 72
-1 36
+1 36
cob=(3)
cfi=(87)
cfn=(418)
calls=36 3172 
* 8578
* 36
* 36
+2 288
+14 468
+4 588
+4 180
cfi=(96)
cfn=(424)
calls=36 +23 
* 20958
* 36
+2 108
+15 72
+1 36
-1 108
-25 108
+29 216
-1 72
-3 684
-25 2052
+29 4104
-1 1368
+1 82080
-1 27360
-2 2880
+8 36
+1 72
-1 36
-34 72
+38 144
cob=(3)
cfi=(87)
cfn=(530) free
calls=36 2934 
* 3600
* 36
+7 144
+2 396
+3 36
fi=(113) /usr/lib/gcc/x86_64-linux-gnu/5/include/avxintrin.h
1280 36
fe=(112)
133 36
fi=(113)
1280 36
fe=(112)
136 36
-3 108
+3 72
-3 108
fi=(113)
1280 108
fe=(112)
133 108
fi=(113)
1280 108
fe=(112)
136 108
-3 324
+3 1080
+8 2016
+3 1344
-11 1440
284 396
138 1344
+1 336
+24 336
-24 672
+1 1008
+1 672
fi=(113)
1280 672
fe=(112)
163 336
+1 756
fi=(113)
302 504
1280 252
842 756
302 504
842 504
302 504
842 504
302 504
842 504
302 756
-77 504
842 1008
fe=(112)
191 756
cob=(4)
cfi=(114)
cfn=(580)
calls=252 -54 
* 17096
* 252
fi=(113)
+34 84
842 336
fe=(112)
191 252
cob=(4)
cfi=(114)
cfn=(580)
calls=83 -54 
* 4729
cob=(1)
cfi=(79) /build/glibc-bfm8X4/glibc-2.23/elf/../sysdeps/x86_64/dl-trampoline.h
cfn=(323) _dl_runtime_resolve_avx'2
calls=1 64 
* 1183
* 88
* 19152
cob=(4)
cfi=(114)
cfn=(580)
calls=6384 -54 
* 417556
* 6384
* 6720
-1 13440
fi=(113)
836 3696
302 672
842 336
302 1008
842 2016
fe=(112)
201 672
fi=(113)
302 12768
842 6384
302 19152
842 38304
fe=(112)
201 13440
fi=(113)
836 2352
fi=(115) /usr/lib/gcc/x86_64-linux-gnu/5/include/fmaintrin.h
49 3360
fe=(112)
261 336
fi=(115)
49 672
fi=(113)
1051 336
+6 336
fi=(115)
49 672
fi=(113)
+82 672
fi=(115)
-82 2016
fi=(113)
1051 336
+6 336
131 336
657 336
184 336
842 672
fe=(112)
231 672
fi=(113)
836 44688
fi=(115)
49 63840
fe=(112)
261 6384
fi=(115)
49 12768
fi=(113)
1051 6384
+6 6384
fi=(115)
49 12768
fi=(113)
+82 12768
fi=(115)
-82 38304
fi=(113)
1051 6384
+6 6384
131 6384
657 6384
184 6384
842 12768
fe=(112)
231 12768
fi=(115)
49 268800
fe=(112)
261 26880
fi=(115)
49 53760
fi=(113)
1051 26880
+6 26880
fi=(115)
49 53760
fi=(113)
+82 53760
fi=(115)
-82 161280
fi=(113)
1051 26880
+6 26880
131 26880
657 26880
184 26880
842 53760
fe=(112)
231 60480
-9 14448
+47 1008
-2 672
+2 19152
-2 13104
fi=(113)
+35 168
fe=(112)
176 84
fi=(113)
842 168
302 168
fe=(112)
176 84
fi=(113)
842 84
302 168
fe=(112)
176 84
fi=(113)
842 84
302 168
fe=(112)
176 84
fi=(113)
842 84
302 168
fe=(112)
176 420
-48 540
+2 648
276 108
cfi=(96)
cfn=(588) pll_aligned_free
calls=35 132 
* 5452
cob=(1)
cfi=(79)
cfn=(323)
calls=1 64 
* 774
* 40
+1 72
cfi=(96)
cfn=(588)
calls=36 132 
* 5232
* 36
+2 108
fi=(113)
836 36
fe=(112)
280 372
cfi=(96)
cfn=(588)
calls=36 132 
* 9380
* 36
* 84
-1 168
+3 36
+1 36
-1 36
cob=(3)
cfi=(87)
cfn=(530)
calls=36 2934 
* 3600
* 36
+1 36

fl=(103) /home/biczokrf/libpll/src/models.c
fn=(524) pll_set_category_rates
378 36
fi=(97) /usr/include/x86_64-linux-gnu/bits/string3.h
53 144
cob=(3)
cfi=(105) /build/glibc-bfm8X4/glibc-2.23/string/../sysdeps/x86_64/multiarch/memcpy-avx-unaligned.S
cfn=(470) __memcpy_avx_unaligned
calls=36 -12 
* 576
* 36
fe=(103)

fn=(656) pll_update_invariant_sites
559 6
+13 3
-13 18
+3 3
+4 3
-3 3
+1 3
+1 3
+7 3
-6 3
+6 12
+3 3
-3 63
+3 57
-3 114
+8 15
fi=(97)
90 6
cob=(3)
cfi=(102) /build/glibc-bfm8X4/glibc-2.23/string/../sysdeps/x86_64/multiarch/memset-avx2.S
cfn=(450) __memset_avx2
calls=3 -52 
* 726
* 3
fe=(103)
597 3
fi=(97)
90 3
fe=(103)
597 3
+42 18
+2 3
+1 3
-1 3009
+1 2997
-1 11991
+3 3
-3 3
cfi=(77) ???
cfn=(398) __popcountdi2
calls=3 0 
* 60
+3 9
-5 9
+5 2997
-5 8991
+7 3
+1 24
-27 6
+1 24
+3 3
-1 3
+1 15
-1 12
+1 42
+3 75000
+2 60000
-2 30000
+2 1140000
-2 570000
+4 30000
+1 15000
-8 30015
-3 33
-39 12
cob=(3)
cfi=(87)
cfn=(360) malloc
calls=3 2902 
* 1346
* 3
* 18

fn=(462) pll_set_frequencies
369 12
+1 3
fi=(97)
53 3
fe=(103)
369 3
+1 3
fi=(97)
53 12
cob=(3)
cfi=(105)
cfn=(470)
calls=2 -12 
* 84
cob=(1)
cfi=(79)
cfn=(323)
calls=1 +11 
* 1160
* 7
fe=(103)
373 6
+1 12

fn=(548) pll_update_eigen
253 15
+5 3
-5 12
+5 12
+6 3
-6 3
-67 3
+67 3
+1 9
+1 9
+1 6
+1 6
+3 3
-4 3
+4 3
-74 15
+1 12
cob=(3)
cfi=(87)
cfn=(360)
calls=3 2902 
* 1128
* 3
+1 3
-1 6
+1 3
fi=(97)
53 12
cob=(3)
cfi=(105)
cfn=(470)
calls=3 -12 
* 513
* 3
fe=(103)
198 24
+1 585
+1 2268
-1 1134
+1 12
-1 6
+4 24
cob=(3)
cfi=(87)
cfn=(360)
calls=3 2902 
* 558
* 3
+1 3
-1 3
+1 12
+7 15
+1 33
cob=(3)
cfi=(87)
cfn=(360)
calls=3 2902 
* 724
* 3
* 171
cob=(3)
cfi=(87)
cfn=(360)
calls=57 2902 
* 10602
* 57
* 240
-1 183
+3 27
+11 312
+5 3
-5 9
+5 288
+3 57
-1 114
+1 969
-1 1026
+1 4674
-3 570
+3 570
+2 570
-5 570
+3 570
-1 570
+2 1710
+1 570
-1 1140
+1 1710
-5 1041
+11 444
+1 720
+1 240
-13 180
+14 4440
-2 120
+4 18
cob=(3)
cfi=(87)
cfn=(530)
calls=2 2934 
* 264
cob=(1)
cfi=(79)
cfn=(323)
calls=1 64 
* 1274
* 7
+31 9
cob=(3)
cfi=(87)
cfn=(360)
calls=3 2902 
* 1002
* 3
+1 3
-1 3
+1 3
cob=(3)
cfi=(87)
cfn=(360)
calls=3 2902 
* 522
* 3
+1 3
-1 3
+1 15
+52 24
-87 3
105 18
+2 6
+4 3
-3 15
+3 273
+3 54
-1 108
+1 216
-1 54
+1 513
-1 1026
+1 2052
-1 513
+2 270
+39 54
-47 108
+4 54
+43 54
-43 54
+42 21
+1 3
-1 3
+6 3
-3 3
+1 3
+2 3
+3 3
-3 6
+3 552
+2 540
-5 216
+9 54
-1 108
+1 216
-1 54
-3 513
-5 2052
+9 513
-1 1026
+1 2052
-1 513
+1 6840
-1 13680
+1 27360
-1 15492
+3 6591
-3 2535
+3 34047
-6 1701
+9 108
+1 54
-1 54
+1 54
-1 54
-9 54
+12 54
-1 108
+1 162
-1 54
-11 3
+12 3
-1 6
+1 9
-1 3
+1 513
-1 1026
+1 1539
-1 513
-16 312
29 33
cob=(3)
cfi=(105)
cfn=(560) __memmove_avx_unaligned
calls=2 +12 
* 84
cob=(1)
cfi=(79)
cfn=(323)
calls=1 +35 
* 1123
* 7
+3 18
+18 3
+3 3
-3 3
-9 3
+9 12
-9 9
+12 3
-12 6
+1 3
-3 3
+2 3
-2 3
+2 171
+12 57
-12 114
+1 57
-3 57
+2 57
-2 114
+2 114
+1 57
-1 342
+1 285
-1 258
+1 129
-1 774
+1 1218
-1 3726
+1 1242
-1 4968
+1 9936
-3 4113
+6 258
+4 516
+1 774
+1 903
+4 129
-4 129
+4 129
-4 129
+4 516
+2 129
+2 129
-2 258
+2 129
-2 129
+1 129
+1 516
-2 1242
+2 1242
-2 2484
+2 1242
-2 1242
+1 1242
+1 4968
+2 327
+1 327
-1 327
+1 1635
+1 981
+1 981
+9 327
+1 981
-1 654
+2 327
-1 2943
+1 327
+2 327
-1 327
+1 327
-1 327
+1 654
+3 327
+1 327
-3 327
+2 654
+1 327
-3 327
+3 327
-1 327
+1 654
+1 327
-1 654
+1 1308
-4 327
-5 1044
+1 3132
-1 2088
+2 1044
-1 9396
+1 1044
+2 1044
-1 1044
+1 1044
-1 1044
+1 2088
+3 1044
+1 1044
-3 1044
+2 2088
+1 1044
-3 1044
+3 1044
-1 1044
+1 2088
+1 1044
-1 2088
+1 4176
-4 1044
+2 26049
+1 26049
-3 26049
+2 52098
+1 26049
-3 26049
+3 26049
-1 26049
+1 52098
+1 26049
-1 52098
+1 104196
-4 26049
-23 5226
+60 162
+6 108
-2 162
+2 162
+1 108
-3 54
+2 1026
-2 1539
+2 1539
+1 1026
-3 513
+5 108
+1 54
-1 108
+1 54
-1 54
+1 174
+1 30
+2 30
+2 30
-4 30
+1 90
+1 120
+1 30
+3 30
+2 30
-2 120
+1 60
+2 30
-1 60
+1 120
-1 30
-8 24
+2 24
+2 24
-4 24
+1 72
+1 96
+1 24
+3 24
+2 24
-2 96
+1 48
+2 24
-1 48
+1 96
-1 24
-2 513
+2 513
-2 2052
+1 1026
+2 513
-1 1026
+1 2052
-1 513
+1 3420
-1 6840
+1 13680
-1 3420
+2 2214
+1 1539
-1 513
+1 1539
-1 513
+1 8721
-1 2907
+1 8721
-1 2907
+2 513
+1 513
-1 513
+1 2052
-1 54
+3 54
-3 54
+3 54
+1 54
-1 270
+3 54
+1 54
-1 54
+3 54
-2 162
+1 108
+2 54
-1 108
+1 540
-1 54
-3 513
+1 513
-1 513
+3 513
-2 1539
+1 1026
+2 513
-1 1026
+1 5130
-1 513
+1 3420
-1 6840
+1 34200
-1 3420
-5 2322
-74 1044
+1 6264
+2 1044
-1 2088
+1 1044
-1 1044
+1 2217
+15 129
-47 129
+48 129
+1 129
-2 129
-47 129
-5 195
fi=(97)
+19 24
cob=(3)
cfi=(105)
cfn=(470)
calls=3 -12 
* 126
* 3
* 456
cob=(3)
cfi=(105)
cfn=(470)
calls=57 -12 
* 2394
* 57
* 60
fe=(103)
294 180
fi=(97)
53 21
cob=(3)
cfi=(105)
cfn=(470)
calls=3 -12 
* 126
* 3
* 33
fe=(103)
303 300
+1 120
-1 60
+1 60
-1 60
+1 120
-1 60
+1 2280
-1 1140
+1 1140
-1 1140
+1 2280
-1 1140
-2 60
+6 60
-6 120
+9 33
fi=(97)
53 6
fe=(103)
315 9
-5 57
fi=(97)
53 114
fe=(103)
315 7191
-1 1200
+1 3600
-1 1320
-1 141
-3 9
+10 9
-7 57
-3 171
+10 8391
-1 1200
+1 2400
-1 1200
-1 240
+4 6
+2 9
+1 6
-3 6
+2 3
cob=(3)
cfi=(87)
cfn=(530)
calls=3 2934 
* 390
* 3
+1 6
cob=(3)
cfi=(87)
cfn=(530)
calls=3 2934 
* 498
* 3
* 12
+2 9
cob=(3)
cfi=(87)
cfn=(530)
calls=3 2934 
* 390
* 3
* 171
cob=(3)
cfi=(87)
cfn=(530)
calls=57 2934 
* 8573
* 57
-1 123
+2 6
cob=(3)
cfi=(87)
cfn=(530)
calls=3 2934 
* 434
* 3
+2 6
51 132
167 1134
+3 360
-1 120
+1 1260
-1 486
+4 6
+2 6
-1 6
-1 12
+1 6
-1 6
+2 9
-50 48

fn=(536) pll_update_invariant_sites_proportion
408 36
-3 144
+3 108
+10 144
-10 54
+19 72
+9 126
+12 72
+2 36
-2 36
+3 180
-13 12
cfn=(656)
calls=2 559 
* 1321768
cob=(1)
cfi=(79)
cfn=(323)
calls=1 64 
* 661648
* 7
* 15

fn=(476) pll_set_subst_params
392 9
+3 3
-3 3
fi=(97)
53 3
fe=(103)
392 3
+1 3
+2 3
fi=(97)
53 18
cob=(3)
cfi=(105)
cfn=(470)
calls=3 -12 
* 513
* 3
fe=(103)
397 6
+3 12

fn=(542) pll_update_prob_matrices
338 432
+4 423
+2 588
+2 6
cfn=(548)
calls=2 -93 
* 660998
cob=(1)
cfi=(79)
cfn=(323)
calls=1 64 
* 333254
* 7
* 9
-4 9
+9 540
cfi=(111) /home/biczokrf/libpll/src/core_pmatrix.c
cfn=(566) pll_core_update_pmatrix
calls=35 36 
* 2058326
cob=(1)
cfi=(79)
cfn=(323)
calls=1 64 
* 30810
* 40
* 36
+13 288

fl=(111)
fn=(566)
36 648
+14 36
-14 252
+14 36
-14 36
+36 72
+36 324
+2 72
+31 72
-16 36
+16 36
-16 36
+2 504
274 252
127 36
cfi=(112)
cfn=(572)
calls=35 -78 
* 2055911
cob=(1)
cfi=(79)
cfn=(323)
calls=1 -63 
* 30053
* 40

fl=(96)
fn=(424)
114 14712
+6 7356
-6 22068
+6 7356
cob=(3)
cfi=(87)
cfn=(430) posix_memalign
calls=7355 5021 
* 3812539
cob=(1)
cfi=(79)
cfn=(323)
calls=1 -56 
* 1586
* 7360
* 22068
+5 44136

fn=(672) dealloc_partition_data
35 6
-3 12
+5 6
cob=(3)
cfi=(87)
cfn=(530)
calls=3 2934 
* 300
* 3
+1 6
cob=(3)
cfi=(87)
cfn=(530)
calls=3 2934 
* 300
* 3
+1 6
cob=(3)
cfi=(87)
cfn=(530)
calls=3 2934 
* 300
* 3
+1 9
+1 3
cob=(3)
cfi=(87)
cfn=(530)
calls=3 2934 
* 300
* 3
+1 9
+1 3
cob=(3)
cfi=(87)
cfn=(530)
calls=3 2934 
* 396
* 3
+4 9
+1 9
+2 3
cob=(3)
cfi=(87)
cfn=(530)
calls=3 2934 
* 300
* 3
+2 9
+3 3
cob=(3)
cfi=(87)
cfn=(530)
calls=3 2934 
* 51
* 3
+2 9
+3 9
+3 9
+3 9
+2 6
+1 3
-1 3
+2 12
+1 3
-1 3
+1 6
cfn=(588)
calls=3 +61 
* 174
* 3
* 24
-1 24
+1 48
cfn=(588)
calls=24 +61 
* 1392
* 24
-1 135
+3 3
cob=(3)
cfi=(87)
cfn=(530)
calls=3 2934 
* 300
* 3
+2 9
+3 6
cfn=(588)
calls=3 +54 
* 861
* 3
* 3
+2 3
cob=(3)
cfi=(87)
cfn=(530)
calls=3 2934 
* 300
* 3
+2 9
+1 15
+1 3
-1 3
+1 6
cfn=(588)
calls=3 +48 
* 419
* 3
-1 9
+2 3
cob=(3)
cfi=(87)
cfn=(530)
calls=3 2934 
* 300
* 3
+2 9
+1 15
+1 3
-1 3
+1 6
cfn=(588)
calls=3 +43 
* 416
* 3
-1 9
+2 3
cob=(3)
cfi=(87)
cfn=(530)
calls=3 2934 
* 300
* 3
+2 9
+1 15
+1 3
-1 3
+1 6
cfn=(588)
calls=3 +38 
* 422
* 3
-1 9
+2 3
cob=(3)
cfi=(87)
cfn=(530)
calls=3 2934 
* 300
* 3
+2 9
+1 15
+1 3
-1 3
+1 6
cfn=(588)
calls=3 +33 
* 396
* 3
-1 9
+2 3
cob=(3)
cfi=(87)
cfn=(530)
calls=3 2934 
* 300
* 3
+2 9
+1 15
+1 3
-1 3
+1 6
cfn=(588)
calls=3 +28 
* 476
* 3
-1 9
+2 3
cob=(3)
cfi=(87)
cfn=(530)
calls=3 2934 
* 300
* 3
+2 9
+1 3
cob=(3)
cfi=(87)
cfn=(530)
calls=3 2934 
* 413
* 3
+3 3
-1 3
+1 6
-1 3
cob=(3)
cfi=(87)
cfn=(530)
calls=3 2934 
* 404
* 3

fn=(588)
132 7356
cob=(3)
cfi=(87)
cfn=(530)
calls=7356 2934 
* 1312128
* 7356

fn=(396) pll_partition_create
408 33
+5 3
-5 6
+5 6
cfi=(77)
cfn=(398)
calls=3 0 
* 60
* 6
+8 6
cob=(3)
cfi=(87)
cfn=(360)
calls=2 2902 
* 854
cob=(1)
cfi=(79)
cfn=(323)
calls=1 64 
* 1300
* 7
+1 3
-1 3
+1 3
+8 3
+1 3
+3 3
-3 3
+1 6
+2 3
+7 6
+7 27
+3 3
-1 3
+1 9
+4 15
+19 3
-5 3
+38 3
-39 3
-2 3
+1 3
+5 3
+2 3
+1 3
-6 3
+1 3
+3 3
+4 3
-2 3
+25 3
-22 3
+1 3
+2 3
+1 3
+17 3
+1 3
-1 6
-16 3
+2 3
+14 3
-13 3
+1 3
+12 3
+3 3
+5 3
-5 6
-14 3
+14 3
-13 3
+3 3
+1 3
+1 3
+1 3
+7 3
+5 3
cob=(3)
cfi=(87)
cfn=(418)
calls=2 3172 
* 446
cob=(1)
cfi=(79)
cfn=(323)
calls=1 64 
* 1328
* 7
+2 3
-2 3
+2 3
+8 12
cob=(3)
cfi=(87)
cfn=(418)
calls=3 3172 
* 716
* 3
+2 3
-2 3
+2 15
+13 12
+14 33
fi=(97)
90 54
fe=(96)
532 27
fi=(97)
90 27
cob=(3)
cfi=(102)
cfn=(450)
calls=26 -52 
* 9919792
cob=(1)
cfi=(79)
cfn=(323)
calls=1 -26 
* 161062
* 31
fe=(96)
532 132
+2 120
cfn=(424)
calls=24 114 
* 9200
* 24
* 15
cfn=(424)
calls=2 114 
* 1086
cob=(1)
cfi=(79)
cfn=(323)
calls=1 64 
* 2243
* 7
* 27
+3 108
825 24
458 3
+94 9
cob=(3)
cfi=(87)
cfn=(418)
calls=3 3172 
* 1045
* 3
+2 3
-2 3
+2 3
+12 12
+1 6
-1 12
+1 3
-1 3
+1 6
cfn=(424)
calls=3 114 
* 1186
* 3
* 6
+4 12
+7 57
+1 30
-1 15
+1 30
-1 15
+1 6
-1 3
+1 6
-1 9
fi=(97)
90 18
cob=(3)
cfi=(102)
cfn=(450)
calls=3 -52 
* 156776
* 3
fe=(96)
589 12
cob=(3)
cfi=(87)
cfn=(418)
calls=3 3172 
* 743
* 3
+2 3
-2 3
+2 3
+9 21
fi=(97)
90 6
fe=(96)
600 3
fi=(97)
90 3
cob=(3)
cfi=(102)
cfn=(450)
calls=3 -52 
* 579
* 3
fe=(96)
600 9
+2 15
cfn=(424)
calls=3 114 
* 1725
* 3
* 3
+3 12
+14 9
cob=(3)
cfi=(87)
cfn=(418)
calls=3 3172 
* 708
* 3
+2 3
-2 3
+2 3
+9 21
fi=(97)
90 6
fe=(96)
630 3
fi=(97)
90 3
cob=(3)
cfi=(102)
cfn=(450)
calls=3 -52 
* 579
* 3
fe=(96)
630 9
+2 15
cfn=(424)
calls=3 114 
* 1725
* 3
* 3
+3 12
448 1
cob=(1)
cfi=(79)
cfn=(323)
calls=1 64 
* 697
* 5
* 2
648 9
cob=(3)
cfi=(87)
cfn=(418)
calls=3 3172 
* 708
* 3
+2 3
-2 3
+2 3
+9 21
fi=(97)
90 6
fe=(96)
659 3
fi=(97)
90 3
cob=(3)
cfi=(102)
cfn=(450)
calls=3 -52 
* 84
* 3
fe=(96)
659 9
+2 15
cfn=(424)
calls=3 114 
* 1188
* 3
* 3
+2 12
+14 9
cob=(3)
cfi=(87)
cfn=(418)
calls=3 3172 
* 759
* 3
+2 3
-2 3
+2 3
+9 39
+2 15
cfn=(424)
calls=3 114 
* 1935
* 3
* 3
+3 9
+13 9
cob=(3)
cfi=(87)
cfn=(418)
calls=3 3172 
* 708
* 3
+2 3
-2 3
+2 3
+9 18
fi=(97)
90 6
fe=(96)
717 3
fi=(97)
90 3
cob=(3)
cfi=(102)
cfn=(450)
calls=3 -52 
* 84
* 3
fe=(96)
717 9
+2 15
cfn=(424)
calls=3 114 
* 1113
* 3
* 3
+2 12
+16 15
cob=(3)
cfi=(87)
cfn=(418)
calls=3 3172 
* 620
* 3
+1 3
-1 3
+1 3
+11 9
cob=(3)
cfi=(87)
cfn=(418)
calls=3 3172 
* 663
* 3
+1 3
-1 3
+1 3
+3 41
+1 7
-1 4
+14 9
cob=(3)
cfi=(87)
cfn=(418)
calls=3 3172 
* 727
* 3
+2 3
-2 3
+2 3
+11 9
cob=(3)
cfi=(87)
cfn=(360)
calls=3 2902 
* 1240
* 3
+2 3
-2 3
+2 3
+9 3837
+2 9
+3 12
cob=(3)
cfi=(87)
cfn=(418)
calls=3 3172 
* 737
* 3
+2 3
-2 3
+2 3
+9 6
426 9
753 11
+1 3
-1 2
+1 13
+37 6
-37 1
-1 2
+1 1
-1 2

fn=(670) pll_partition_destroy
829 3
cfn=(672)
calls=3 35 
* 10200

fn=(512) pll_set_tip_states
977 150
+3 30
866 15
1005 105
-83 15
-3 15
+3 15
-3 15
+3 15
+2 120
+9 105000
+2 60000
+1 15000
-1 30000
-2 30000
+2 1140000
+1 285000
-1 570000
-2 570000
+8 15000
-1 15000
+1 45000
fi=(97)
53 50000
fe=(96)
941 10000
fi=(97)
53 10000
cob=(3)
cfi=(105)
cfn=(470)
calls=10000 -12 
* 420000
* 10000
* 50000
fe=(96)
941 10000
fi=(97)
53 10000
cob=(3)
cfi=(105)
cfn=(470)
calls=10000 -12 
* 420000
* 10000
fe=(96)
941 20000
fi=(97)
53 20000
fe=(96)
945 20000
-4 20000
+4 20000
-4 40000
-19 45000
+2 89910
+26 45

fl=(121) /home/biczokrf/libpll/src/core_derivatives_avx2.c
fn=(642) pll_core_update_sumtable_ii_20x20_avx2
60 108000
+20 10800
+17 18000
cfi=(96)
cfn=(424)
calls=3600 +17 
* 1845833
* 3600
* 3600
+4 7200
+7 10800
cfi=(96)
cfn=(424)
calls=3600 +6 
* 2011500
* 3600
* 3600
+4 7200
fi=(97)
-22 14400
cob=(3)
cfi=(102)
cfn=(450)
calls=3600 -52 
* 23252400
* 3600
* 14400
cob=(3)
cfi=(102)
cfn=(450)
calls=3600 -52 
* 23252400
* 3600
fe=(121)
+32 28800
+1 3600
+1 3600
-1 36000
-1 7200
+5 3600
-1 7200
+1 3600
+2 10800
-2 7200
+2 7200
-4 7200
-2 4800
+1 4800
-1 48000
-1 9600
+5 4800
-1 9600
+1 4800
+2 14400
-2 9600
+2 9600
-4 9600
-2 319200
-1 319200
+5 159600
-1 319200
+1 159600
+2 478800
-2 319200
+2 319200
-4 319200
+2 3192000
-1 6384000
+1 3192000
+2 9576000
-2 6384000
+2 6384000
-4 6384000
-1 688800
-2 24000
+12 14400
+13 7200
fi=(115)
-98 10800
fe=(121)
+85 122400
+2 10800000
fi=(113)
836 82800000
fi=(115)
49 10800000
fe=(121)
168 3600000
+7 3600000
fi=(115)
49 115200000
fi=(113)
836 86400000
fi=(115)
49 14400000
fe=(121)
168 4800000
+7 4800000
fi=(115)
49 278400000
fe=(121)
168 33600000
+7 33600000
fi=(115)
49 1680000000
fi=(113)
1051 33600000
+6 33600000
-6 33600000
131 33600000
1057 33600000
fi=(115)
49 64800000
fi=(113)
1051 3600000
+6 3600000
-6 3600000
131 3600000
1057 3600000
131 3600000
fi=(115)
-82 10800000
fi=(113)
1051 3600000
+6 3600000
131 3600000
657 3600000
184 3600000
1051 3600000
+6 3600000
131 3600000
302 3600000
657 3600000
184 3600000
302 7200000
fe=(121)
-81 7200000
fi=(115)
49 62400000
fi=(113)
1051 4800000
+6 4800000
-6 4800000
131 4800000
1057 4800000
131 4800000
fi=(115)
-82 14400000
fi=(113)
1051 4800000
+6 4800000
131 4800000
657 4800000
184 4800000
1051 4800000
+6 4800000
131 4800000
302 4800000
657 4800000
184 4800000
302 9600000
fe=(121)
-81 9600000
fi=(113)
-90 33600000
fi=(115)
-82 100800000
fi=(113)
1051 33600000
+6 33600000
131 33600000
657 33600000
184 33600000
1051 33600000
+6 33600000
131 33600000
302 33600000
657 33600000
184 33600000
302 67200000
fe=(121)
-81 67200000
fi=(113)
842 84000000
fe=(121)
162 84000000
-8 16800000
+74 8400000
+1 8400000
+1 16800000
-76 16800000
-20 21610800
234 7200
cfi=(96)
cfn=(588)
calls=3600 132 
* 792000
* 3600
+1 7200
cfi=(96)
cfn=(588)
calls=3600 132 
* 509900
* 3600
+1 7200
+3 3600
+1 46800
-86 7200000
-79 7200

fn=(636) pll_core_update_sumtable_ii_avx2
253 118800
+11 7200
+14 7200
+2 64800
487 32400
280 3600
cfn=(642)
calls=3599 60 
* 3858841685
cob=(1)
cfi=(79)
cfn=(323)
calls=1 64 
* 465152
* 3604

fl=(77)
fn=(304) 0x0000000000007ee0
0 17

fn=(398)
0 120

fn=(766) 0x0000000000007e10
0 9

fn=(298) __cpu_indicator_init
0 31
cfn=(300) __get_cpuid_output
calls=1 0 
0 20
0 13
cfn=(300)
calls=1 0 
0 20
0 33
cfn=(302) get_available_features
calls=1 0 
0 86
0 8

fn=(300)
0 40

fn=(756) 0x0000000000007ea0
0 8
cob=(2)
cfi=(16)
cfn=(762)
calls=1 0 
0 57
0 1
cfn=(766)
calls=1 0 
0 9
0 3

fn=(302)
0 86

fl=(110) /home/biczokrf/libpll/src/gamma.c
fn=(518) pll_compute_gamma_cats
224 288
+14 216
+7 108
-17 72
+21 24
-21 96
+21 24
+14 96
+2 48
cob=(3)
cfi=(87)
cfn=(360)
calls=24 2902 
* 2715
* 24
+2 24
-2 24
+2 48
108 48
267 24
108 24
267 24
111 24
-3 24
+3 24
+2 120
+2 24
-2 72
+2 112
-2 336
+6 216
+2 24
cob=(4)
cfi=(124)
cfn=(680)
calls=23 -93 
* 3273
cob=(1)
cfi=(79)
cfn=(323)
calls=1 -57 
* 1256
* 28
* 192
+3 72
269 24
124 72
+2 48
-2 24
+2 24
-2 24
+2 24
cob=(4)
cfi=(124)
cfn=(680)
calls=24 -98 
* 3432
* 24
* 600
270 120
46 120
273 48
45 48
273 48
45 144
+1 576
cfn=(712) IncompleteGamma.part.1
calls=48 -19 
* 16396
* 240
273 96
-1 96
+5 24
-2 24
+2 24
-2 24
+2 24
+2 24
-4 24
+2 24
-2 24
+2 24
+2 132
+1 24
-1 12
+1 84
+2 48
cob=(3)
cfi=(87)
cfn=(530)
calls=24 2934 
* 2400
* 24
* 24
+10 120
-1 24
+1 168
-45 12
+44 12
-44 24
-75 24
+97 48
-97 96
+98 48
-98 24
+98 72
-98 48
+98 48
-98 24
+98 72
-98 768
cfn=(686) PointChi2.part.2
calls=48 -12 
* 130744
* 480
+98 144
-1 120
+11 12
-1 12
+1 48

fn=(686)
160 48
+14 48
-66 48
+66 48
-14 96
-52 48
+66 48
-66 48
+3 144
+2 240
+2 48
-2 144
+2 272
-2 816
+6 336
+2 48
cob=(4)
cfi=(124)
cfn=(680)
calls=48 -93 
* 6800
* 48
* 240
+3 192
+2 48
-2 48
+2 48
-2 48
+2 48
cob=(4)
cfi=(124)
cfn=(680)
calls=48 -98 
* 6864
* 48
* 192
+50 144
-50 48
+50 96
-50 576
+51 48
-51 48
+51 48
cob=(4)
cfi=(124)
cfn=(680)
calls=48 28 
* 6768
* 48
* 240
+6 56
+6 192
46 1248
cfn=(712)
calls=96 -19 
* 41120
198 672
+7 576
cob=(4)
cfi=(124)
cfn=(680)
calls=96 28 
* 13592
* 96
* 1056
cob=(4)
cfi=(126)
cfn=(692)
calls=96 25 
* 11136
* 96
* 96
+1 96
-1 96
+1 288
+8 96
-6 288
-3 96
+3 96
+6 192
-8 192
+8 96
-8 384
+2 96
+6 96
-6 96
+6 96
-6 96
+6 96
-6 96
+6 96
-6 96
+6 96
-6 96
+6 96
-6 96
+6 96
-6 96
+6 96
-6 96
+6 96
-6 192
+6 4992
+1 576
-1 48
-17 96
45 96
197 96
45 192
152 140
+1 112
+41 308
cob=(4)
cfi=(128)
cfn=(702)
calls=28 26 
* 8804
* 28
* 28
+1 28
-1 56
+1 140
+23 96
-39 100
cob=(4)
cfi=(126)
cfn=(692)
calls=19 25 
* 2204
cob=(1)
cfi=(79)
cfn=(323)
calls=1 64 
* 1263
* 24
* 160
cob=(4)
cfi=(128)
cfn=(702)
calls=19 26 
* 5681
cob=(1)
cfi=(79)
cfn=(323)
calls=1 64 
* 1412
* 24
+1 40
-1 20
+1 80
-28 72
+3 168
cob=(4)
cfi=(124)
cfn=(680)
calls=28 28 
* 3920
* 28
* 112
+1 112
+1 28
-1 56
+1 28
-1 392
+1 40

fn=(712)
27 432
+22 288
cob=(4)
cfi=(124)
cfn=(680)
calls=144 -21 
* 20284
* 144
* 1296
cob=(4)
cfi=(126)
cfn=(692)
calls=144 -24 
* 16704
* 144
+1 288
-1 144
+1 528
+12 32
+1 16
-1 16
+1 32
-1 16
+1 32
-1 32
+2 32
+18 16
-20 16
+1 16
+1 32
+2 16
+1 16
+1 16
+1 16
+2 32
-2 16
+2 96
+1 32
-6 256
+1 256
+1 256
+1 256
+2 512
-2 256
+2 1536
+1 1328
+1 272
+1 272
-1 272
+1 544
+1 544
+1 96
+2 256
+4 1024
-32 640
+4 128
+1 384
+2 128
-2 128
+2 128
-3 752
+1 2256
+2 752
-2 752
+2 752
+1 128
+37 128
-37 256
+37 128
-14 1280
+10 32
+4 16
-4 16
+4 16

fl=(97)
fn=(410) pll_hardware_probe
90 16
fi=(98) /home/biczokrf/libpll/src/hardware.c
+25 1
-4 1
+4 4
+1 3
+1 3
+1 3
+1 3
+1 3
+1 3
+1 3
+1 3
+1 1
+6 1
-6 1
+6 1
+43 1
-49 1
+49 1
fe=(97)

fl=(118) /home/biczokrf/libpll/src/core_partials_avx2.c
fn=(606) pll_core_update_partial_ii_avx2
765 1512
+6 108
-6 324
+6 108
-6 216
+6 108
+1 108
-7 216
+7 108
-7 324
+7 108
-7 432
+10 216
+14 216
+1 1404
987 972
790 108
cfn=(612) pll_core_update_partial_ii_20x20_avx2
calls=107 588 
* 115417955
cob=(1)
cfi=(79)
cfn=(323)
calls=1 64 
* 473861
* 112

fn=(612)
588 1836
+8 108
-8 216
+8 108
-8 540
+8 108
-8 216
+17 216
+15 216
742 108
fi=(115)
49 108
fe=(118)
742 1728
625 1296000
fi=(113)
836 2052000
fi=(115)
49 3456000
fi=(113)
836 2736000
fi=(115)
49 62352000
fi=(113)
1051 1008000
+6 1008000
-6 1008000
131 1008000
fi=(115)
-82 2592000
fi=(113)
1051 108000
+6 108000
-6 108000
131 108000
1057 108000
131 108000
fi=(115)
-82 324000
fi=(113)
1051 108000
+6 108000
131 108000
657 108000
184 108000
1051 108000
+6 108000
131 108000
302 108000
657 108000
184 108000
302 216000
842 108000
387 108000
1165 108000
fe=(118)
709 108000
-73 216000
fi=(115)
49 2160000
fi=(113)
1051 144000
+6 144000
-6 144000
131 144000
1057 144000
131 144000
fi=(115)
-82 432000
fi=(113)
1051 144000
+6 144000
131 144000
657 144000
184 144000
1051 144000
+6 144000
131 144000
302 144000
657 144000
184 144000
302 288000
842 144000
387 144000
1165 144000
fe=(118)
709 144000
-73 288000
fi=(113)
1057 1008000
131 1008000
fi=(115)
-82 3024000
fi=(113)
1051 1008000
+6 1008000
131 1008000
657 1008000
184 1008000
1051 1008000
+6 1008000
131 1008000
302 1008000
657 1008000
184 1008000
302 2016000
842 1008000
387 1008000
1165 1008000
fe=(118)
709 1008000
-73 2268000
+78 504000
+12 252000
+8 252000
+1 252000
+1 756000
625 828000
741 648000
620 216108
752 1080
607 324

fl=(116) /home/biczokrf/libpll/src/partials.c
fn=(594) pll_update_partials
184 108
-4 468
-66 108
+70 216
+3 324
+26 288
-81 216
+8 108
+4 108
-12 108
+1 216
+1 324
+1 216
+1 216
+7 324
+4 108
+1 108
-1 216
+5 108
+3 108
-3 216
+6 324
+5 864
cfi=(117) /home/biczokrf/libpll/src/core_partials.c
cfn=(600) pll_core_update_partial_ii
calls=107 522 
* 115431223
cob=(1)
cfi=(79)
cfn=(323)
calls=1 -99 
* 475449
* 112
* 216
-2 216

fl=(119) /home/biczokrf/libpll/src/derivatives.c
fn=(622) pll_update_sumtable
171 32400
+7 3600
-7 7200
+7 3600
+6 3600
-1 7200
+6 14400
+35 18000
+10 25200
-10 3600
cfn=(624) sumtable_innerinner
calls=3600 108 
* 3862392062

fn=(624)
108 32400
+4 3600
-2 3600
-2 14400
+2 3600
+2 14400
cob=(3)
cfi=(87)
cfn=(360)
calls=3600 2902 
* 374460
* 3600
+2 3600
-2 3600
+2 3600
cob=(3)
cfi=(87)
cfn=(360)
calls=3600 2902 
* 378705
* 3600
+2 3600
-2 3600
+2 3600
cob=(3)
cfi=(87)
cfn=(360)
calls=3600 2902 
* 378176
* 3600
+2 3600
-2 3600
+2 25200
+12 3600
+1 3600
-1 7200
+3 25200
+2 10800
+1 7200
+1 10800
-4 7200
+2 14400
+1 9600
+1 14400
-4 9600
+8 3600
+4 3600
-4 50400
cfi=(120) /home/biczokrf/libpll/src/core_derivatives.c
cfn=(630) pll_core_update_sumtable_ii
calls=3599 -4 
* 3859320352
cob=(1)
cfi=(79)
cfn=(323)
calls=1 -77 
* 466765
* 3604
+13 3600
-13 3600
+13 7200
cob=(3)
cfi=(87)
cfn=(530)
calls=3600 2934 
* 360000
* 3600
+1 7200
cob=(3)
cfi=(87)
cfn=(530)
calls=3600 2934 
* 360000
* 3600
+1 7200
cob=(3)
cfi=(87)
cfn=(530)
calls=3600 2934 
* 360000
* 3600
+2 3600
+1 28800

fl=(117)
fn=(600)
522 972
+10 108
-10 1080
+13 108
-13 324
+10 108
-10 108
+13 108
+18 216
+18 972
+2 1620
681 756
573 108
cfi=(118)
cfn=(606)
calls=107 765 
* 115424589
cob=(1)
cfi=(79)
cfn=(323)
calls=1 64 
* 474675
* 112

fl=(120)
fn=(630)
137 93600
+15 7200
+17 7200
+17 32400
+2 68400
292 25200
188 3600
cfi=(121)
cfn=(636)
calls=3599 +65 
* 3859079219
cob=(1)
cfi=(79)
cfn=(323)
calls=1 64 
* 465978
* 3604

ob=(1)
fl=(10) /build/glibc-bfm8X4/glibc-2.23/elf/../sysdeps/unix/sysv/linux/x86_64/brk.c
fn=(18) brk
31 7
+8 1
-6 2
+7 1

fl=(28) /build/glibc-bfm8X4/glibc-2.23/string/strdup.c
fn=(78) strdup
40 24
+1 6
cfi=(11) /build/glibc-bfm8X4/glibc-2.23/string/../sysdeps/x86_64/strlen.S
cfn=(22) strlen
calls=6 +25 
* 186
* 6
+1 12
cfi=(17)
cfn=(40) malloc
calls=6 +52 
* 174
* 6
+2 12
+4 6
-1 12
+1 12
-1 12
cfi=(18) /build/glibc-bfm8X4/glibc-2.23/string/../sysdeps/x86_64/multiarch/../memcpy.S
cfn=(46) memcpy
calls=6 +14 
* 233

fl=(43) /build/glibc-bfm8X4/glibc-2.23/elf/dl-cache.c
fn=(146) _dl_load_cache_lookup
185 18
+8 4
+3 6
+45 4
+6 4
+9 2
+6 4
-6 8
+6 2
cfi=(24) /build/glibc-bfm8X4/glibc-2.23/io/../sysdeps/unix/syscall-template.S
cfn=(68) access
calls=2 84 
* 18
+19 2
-19 2
+19 298
cfn=(150) _dl_cache_libcmp
calls=19 138 
* 1341
* 95
-15 8
+15 28
cfn=(150)
calls=2 138 
* 142
* 14
-82 4
cfi=(35) /build/glibc-bfm8X4/glibc-2.23/elf/dl-misc.c
cfn=(148) _dl_sysdep_read_whole_file
calls=1 45 
* 94
+8 1
-8 1
+8 4
+1 4
cfi=(14) /build/glibc-bfm8X4/glibc-2.23/string/../sysdeps/x86_64/multiarch/../memcmp.S
cfn=(30) bcmp
calls=1 24 
* 38
* 2
+7 1
-3 1
+3 3
+3 1
+1 2
-1 1
+1 1
+1 4
cfi=(14)
cfn=(30)
calls=1 24 
* 32
* 2
+61 42
+16 4
+4 4
+8 6
cfi=(11)
cfn=(22)
calls=2 66 
* 68
* 4
+1 2
-1 8
+1 4
cfi=(18)
cfn=(46)
calls=2 61 
* 170
+1 4
cfi=(28)
cfn=(78)
calls=2 40 
* 218
+1 16
-31 18

fn=(150)
138 63
+1 46
+2 204
+2 102
-2 102
+2 4
+6 2
+2 2
-1 2
-1 2
+1 2
+1 8
+2 10
+2 4
+6 200
+2 362
+4 81
+1 81
-29 162
+32 6
-7 38

fn=(238) _dl_unload_cache
322 4
-1 1
+3 2
cfi=(39) /build/glibc-bfm8X4/glibc-2.23/misc/../sysdeps/unix/syscall-template.S
cfn=(240) munmap
calls=1 84 
* 5
+1 1
+2 2

fl=(66) /build/glibc-bfm8X4/glibc-2.23/elf/dl-init.c
fn=(246) call_init.part.0
28 30
+8 6
+3 6
-3 12
+3 18
+5 35
+5 8
+9 24
cob=(2)
cfi=(16)
cfn=(294)
calls=1 -58 
* 6
cob=(2)
cfi=(16)
cfn=(282)
calls=1 -58 
* 6
cob=(3)
cfi=(68) /build/glibc-bfm8X4/glibc-2.23/csu/../csu/init-first.c
cfn=(260) _init
calls=1 -6 
* 206
cob=(2)
cfi=(16)
cfn=(248)
calls=1 -58 
* 6
* 4
+4 8
+6 4
+2 8
-2 8
+3 20
+1 16
cob=(6)
cfi=(77)
cfn=(298)
calls=1 -72 
* 211
cob=(4)
cfi=(61)
cfn=(286)
calls=1 -72 
* 17
cob=(3)
cfi=(74) /build/glibc-bfm8X4/glibc-2.23/string/../sysdeps/x86_64/cacheinfo.c
cfn=(272) init_cacheinfo
calls=1 482 
* 1161
cob=(5) /usr/lib/valgrind/vgpreload_core-amd64-linux.so
cfi=(67) ???
cfn=(252) 0x0000000000000650
calls=1 -72 
* 17
* 8
cob=(6)
cfi=(77)
cfn=(304)
calls=1 -72 
* 17
cob=(3)
cfi=(76) /build/glibc-bfm8X4/glibc-2.23/elf/dl-altinit.c
cfn=(280) dlinit_alt
calls=1 -39 
* 4
* 6
-1 12
+3 36
-29 3
-5 3

fn=(244) _dl_init
80 11
+1 1
+1 1
+3 3
+8 2
+1 2
+25 21
+1 18
-90 32
cfn=(246)
calls=5 -2 
* 1850
* 5
+96 8
-96 2
+58 2
+16 1
cfn=(246)
calls=1 -76 
* 76
* 1

fl=(6) /build/glibc-bfm8X4/glibc-2.23/elf/dl-lookup.c
fn=(180) check_match
92 1296
+3 1136
+12 972
+3 880
cfi=(19) /build/glibc-bfm8X4/glibc-2.23/string/../sysdeps/x86_64/multiarch/../strcmp.S
cfn=(54) strcmp
calls=58 +34 
* 2696
* 116
+5 162
-1 162
+1 162
+2 208
+19 208
+1 832
+46 162
-7 162
+7 810
-18 116
+2 58
+1 232
-1 290
-29 312
cfi=(19)
cfn=(54)
calls=104 +6 
* 2567
* 312

fn=(176) _dl_lookup_symbol_x
806 1936
568 176
806 704
568 880
+1 176
-1 176
+1 528
-1 528
+1 2408
-1 2408
+1 7224
-1 7576
808 176
+4 176
+4 176
-8 176
+1 352
+7 384
+7 176
-2 176
+2 176
-2 176
+6 176
-7 176
+7 352
-7 1056
+15 14
-8 70
+2 2464
cfn=(178) do_lookup_x
calls=176 355 
* 77735
+3 528
+26 352
+22 162
+1 1134
+31 162
+9 810
+14 486
+3 648
+5 162
+2 1408
-85 98
+16 14
+1 28
+59 2

fn=(178)
355 1232
+1 176
-1 880
+48 176
-30 176
-11 176
+41 176
+7 352
-7 352
-30 704
+37 704
-44 352
+3 352
-3 1022
+3 1022
+4 1412
+4 1362
+4 1362
+6 2043
+8 681
-4 681
+1 681
+3 1362
+1 2043
+3 681
+1 1362
+2 1362
+8 681
-8 681
+8 6810
-99 519
553 2976
+1 210
cfi=(35)
cfn=(110) _dl_name_match_p
calls=105 288 
* 11319
* 315
+3 1575
+3 14
+1 1408
-92 324
+50 1216
+4 60
+12 324
+1 162
+1 324
413 1188
+2 396
+2 2522
+13 696
-10 1970
+2 324
+1 810
-1 162
+1 1134
-1 162
+1 486
cfn=(180)
calls=162 92 
* 13851
+4 486
+34 64
+94 224
439 1458

fn=(10) _dl_setup_hash
956 18
+4 6
+4 12
+2 6
-1 6
+3 18
+1 6
+1 6
+3 6
-3 6
+7 6
-4 6
-1 6
+3 6
+2 6
-7 6
+7 6
+1 6

fl=(133) /build/glibc-bfm8X4/glibc-2.23/elf/dl-fini.c
fn=(720) _dl_fini
130 8
+17 1
+3 15
+3 2
cfi=(2) /build/glibc-bfm8X4/glibc-2.23/elf/rtld.c
cfn=(50) rtld_lock_default_lock_recursive
calls=1 704 
* 2
+2 1
+3 2
+2 6
+8 1
-3 1
+3 8
+7 12
+2 12
+2 6
+1 6
+5 6
-6 6
-6 6
+8 6
-8 13
+14 9
+1 2
+4 1
31 1
+2 1
192 1
33 1
+6 1
-1 1
+2 1
-2 2
+1 8
+1 1
cfi=(27) /build/glibc-bfm8X4/glibc-2.23/string/../sysdeps/x86_64/multiarch/../memset.S
cfn=(74) memset
calls=1 +13 
* 15
* 1
+77 25
+3 32
cfi=(27)
cfn=(74)
calls=4 -67 
* 69
* 12
-76 18
+1 18
+4 24
+6 12
+1 12
+2 60
+1 31
+2 72
+1 54
+5 10
cfi=(44) /build/glibc-bfm8X4/glibc-2.23/string/../string/memmove.c
cfn=(152) memmove
calls=1 -22 
* 66
+12 2
-10 1
+10 4
-10 1
+10 3
201 3
cfi=(2)
cfn=(52) rtld_lock_default_unlock_recursive
calls=1 710 
* 2
+5 3
81 4
208 1
+2 3
-2 5
+2 15
+3 12
+3 18
+4 8
+9 4
+3 4
-3 4
+3 8
+2 16
+1 8
cob=(4)
cfi=(61)
cfn=(774)
calls=1 0 
* 78
cob=(6)
cfi=(77)
cfn=(756)
calls=1 0 
* 78
cob=(5)
cfi=(67)
cfn=(734) 0x0000000000000610
calls=1 0 
* 78
cob=(7) /home/biczokrf/libpll/test/obj/sumtables-aa-benchmark
cfi=(78) ???
cfn=(722) 0x0000000000401700
calls=1 0 
* 16
-1 16
+5 8
+1 12
cob=(2)
cfi=(16)
cfn=(790)
calls=1 0 
* 3
cob=(2)
cfi=(16)
cfn=(772)
calls=1 0 
* 3
cob=(2)
cfi=(16)
cfn=(754)
calls=1 0 
* 3
cob=(2)
cfi=(16)
cfn=(732)
calls=1 0 
* 3
+6 36
+16 12
-56 15
+11 6
92 33
+21 11
-57 26
+30 6
cfi=(44)
cfn=(152)
calls=1 -41 
* 36
+1 3
268 4
+2 1
-2 2
+6 2
+7 8

fl=(42) /build/glibc-bfm8X4/glibc-2.23/io/../sysdeps/unix/sysv/linux/wordsize-64/xstat.c
fn=(142) _xstat
34 7
-1 7
+1 7
+1 42
+4 1
-4 24

fl=(44)
fn=(152)
45 4
+6 4
-6 12
+6 4
-6 8
+6 8
+8 16
+22 120
+31 28

fl=(11)
fn=(22)
66 25
+1 25
+1 25
+1 25
+1 25
+1 25
+1 25
+2 25
+2 25
+30 23
+1 23
+1 23
+1 23
+1 23
+1 11
+1 11
+4 12
+1 12
+1 12
+1 12
+1 12
+1 12
+1 12
+1 12
+1 12
+1 12
+1 12
+1 12
+5 96
+4 2
+1 28
+1 16

fl=(22) /build/glibc-bfm8X4/glibc-2.23/elf/dl-load.c
fn=(76) decompose_rpath
542 7
+12 1
-10 1
+10 3
+31 4
cfi=(28)
cfn=(78)
calls=1 40 
* 152
+1 1
-1 1
+1 1
+7 8
+9 6
-9 60
+9 180
+6 2
cfi=(17)
cfn=(40)
calls=1 94 
* 29
* 1
+2 1
-2 1
+2 1
+8 9
cfn=(80) fillin_rpath
calls=1 433 
* 815
+4 2
cob=(2)
cfi=(16)
cfn=(86)
calls=1 0 
* 7
+2 1
+2 1
+1 3
+1 8

fn=(112) open_verify.constprop.7
1695 154
+39 14
-39 42
+39 54
+31 56
cfi=(24)
cfn=(114) open
calls=14 84 
* 110
+2 14
-2 14
+2 18
+10 4
+1 8
+5 32
cfi=(24)
cfn=(116) read
calls=4 84 
* 20
+2 8
+2 4
+2 4
-2 8
+2 4
+6 8
+16 16
cfi=(14)
cfn=(30)
calls=4 24 
* 114
* 36
cfi=(14)
cfn=(30)
calls=4 24 
* 144
* 8
+74 8
+5 8
+2 16
+6 8
+11 8
+6 4
+1 4
-1 16
+1 4
-1 4
+1 8
+1 12
+20 204
+2 70
+4 16
+1 12
+12 28
+4 12
+5 2
+1 2
-13 8
cfi=(14)
cfn=(30)
calls=2 24 
* 50
* 16
cfi=(14)
cfn=(30)
calls=4 24 
* 120
* 12
+16 4
+3 14
+3 6
+1 10
-39 4
+67 42
-23 10
+23 70
1804 4
+7 8
cfi=(14)
cfn=(30)
calls=2 24 
* 48
* 4

fn=(64) _dl_init_paths
661 1
+13 2
-13 8
+13 3
cfi=(23) /build/glibc-bfm8X4/glibc-2.23/elf/dl-hwcaps.c
cfn=(66) _dl_important_hwcaps
calls=1 39 
* 398
+5 1
-5 1
+5 1
cfi=(17)
cfn=(40)
calls=1 94 
* 29
* 1
+1 1
-2 1
+2 2
+8 1
-1 1
+1 2
-1 1
+1 1
-1 3
+5 1
-5 1
+5 1
cfi=(17)
cfn=(40)
calls=1 94 
* 80
* 1
+2 1
-3 1
+3 1
+17 1
+12 1
-9 2
+6 1
-19 1
+10 1
+12 1
-11 1
+2 1
+1 4
-15 1
+23 4
-3 21
cfi=(27)
cfn=(74)
calls=4 53 
* 60
* 4
+3 27
-14 3
+2 3
+1 3
+2 6
-3 3
+4 9
+4 3
-3 3
+3 3
+1 3
-4 9
+4 3
+10 1
+4 1
-11 1
+6 1
+6 1
-12 1
+12 1
+2 4
+2 3
+38 5
+8 3
cfi=(29) /build/glibc-bfm8X4/glibc-2.23/string/../sysdeps/x86_64/multiarch/../strchr.S
cfn=(84) index
calls=1 24 
* 23
* 2
+2 2
cfi=(11)
cfn=(22)
calls=1 66 
* 16
* 8
cfi=(18)
cfn=(46)
calls=1 61 
* 31
* 1
+4 6
+17 1
-4 4
-13 52
+17 13
-4 53
+8 1
cfi=(17)
cfn=(40)
calls=1 94 
* 29
* 1
+1 1
-2 1
+2 1
+6 9
cfn=(80)
calls=1 433 
* 610
+4 5
+6 1
+4 8
-75 1
-2 1
+2 2
+5 1
-1 6
cfn=(76)
calls=1 542 
* 1306
+7 2

fn=(108) _dl_map_object
2167 63
+8 9
-8 18
+8 9
+1 36
+3 147
+5 210
+2 90
cfi=(35)
cfn=(110)
calls=30 288 
* 3894
* 60
+4 50
+1 75
+3 11
+2 44
cfi=(19)
cfn=(54)
calls=11 144 
* 356
* 22
2478 72
2213 20
+9 4
-53 4
+53 8
+36 8
-2 4
+2 4
cfi=(29)
cfn=(84)
calls=4 24 
* 92
* 8
2409 2
372 3
cfi=(29)
cfn=(84)
calls=1 24 
* 47
* 2
+4 2
cfi=(28)
cfn=(78)
calls=1 40 
* 128
2410 1
-3 1
+3 2
+4 9
cfn=(112)
calls=1 1695 
* 299
+3 1
-3 1
+3 3
+12 3
+46 1
+1 3
-1 1
+1 9
cfn=(118) _dl_map_object_from_fd
calls=1 871 
* 1444
-1 3
+1 9
-1 3
+1 27
cfn=(118)
calls=3 871 
* 4725
* 18
2262 6
cfi=(11)
cfn=(22)
calls=3 66 
* 48
* 3
+2 3
-2 3
+2 3
+7 12
+36 24
cfn=(140) open_path
calls=2 2018 
* 1025
+6 4
-6 2
+6 6
638 2
2314 2
638 4
+3 2
2401 6
+28 9
+2 12
2275 3
+5 3
-5 3
+5 3
+3 6
-3 3
+3 54
cfn=(140)
calls=3 2018 
* 1559
+4 15
-7 9
638 4
2281 4
638 8
+3 8
+3 6
2336 2
-14 2
+14 2
+2 6
+4 4
cfi=(43)
cfn=(146)
calls=2 185 
* 2764
+2 2
-2 2
+2 2
+4 4
+8 6
+23 20
cfn=(112)
calls=2 1695 
* 720
+4 2
-4 2
+4 6
+1 4
-89 6
2471 3
2306 4
647 4

fn=(118)
871 44
+10 4
-10 4
+10 4
-10 12
+10 4
cfi=(30) /build/glibc-bfm8X4/glibc-2.23/elf/dl-debug.c
cfn=(90) _dl_debug_initialize
calls=4 50 
* 32
fi=(36) /build/glibc-bfm8X4/glibc-2.23/elf/../sysdeps/posix/dl-fileid.h
37 12
fe=(22)
881 4
fi=(36)
37 4
cfi=(37) /build/glibc-bfm8X4/glibc-2.23/io/../sysdeps/unix/sysv/linux/wordsize-64/fxstat.c
cfn=(124) _fxstat
calls=4 -3 
* 40
* 8
+4 4
fe=(22)
897 4
fi=(36)
40 4
+1 4
fe=(22)
897 70
+1 28
fi=(36)
49 34
fe=(22)
1443 32
915 8
+24 8
+10 8
+22 16
+32 8
882 4
1006 28
cfi=(15) /build/glibc-bfm8X4/glibc-2.23/elf/dl-object.c
cfn=(32) _dl_new_object
calls=4 61 
* 1600
+1 4
-1 4
+1 4
+11 8
+1 4
-1 4
+2 4
-1 4
+4 4
-1 8
-2 4
+2 8
+1 12
+1 4
+19 4
-2 4
+10 4
-8 24
+8 4
-8 12
+8 4
+87 4
+8 4
-8 16
+8 4
-8 12
-86 64
-1 256
+1 179
+6 8
+1 12
+1 4
+9 40
+5 64
+9 24
-1 24
+1 8
+1 16
+2 8
-2 8
+1 8
-1 8
+3 8
+4 8
-7 8
+2 8
+1 8
+4 8
+1 24
+4 12
-14 4
+14 24
+11 4
-11 12
-14 4
+14 24
+11 4
-44 2
+1 1
+46 6
+4 2
+1 2
+1 2
-1 4
+1 2
+3 6
+1 2
+3 2
-3 2
+7 8
+6 2
cfi=(31) /build/glibc-bfm8X4/glibc-2.23/elf/dl-tls.c
cfn=(144) _dl_next_tls_modid
calls=2 49 
* 16
* 4
+1 2
+59 8
+1 12
+1 4
-6 8
+1 4
+8 12
1019 4
1207 4
1019 4
1207 4
+10 12
fi=(38) /build/glibc-bfm8X4/glibc-2.23/elf/./dl-map-segments.h
56 8
fe=(22)
1217 12
fi=(38)
56 4
fe=(22)
1217 4
fi=(38)
56 4
fe=(22)
1217 8
fi=(38)
56 24
cfi=(26) /build/glibc-bfm8X4/glibc-2.23/misc/../sysdeps/unix/sysv/linux/wordsize-64/mmap.c
cfn=(72) mmap
calls=4 -23 
* 140
+4 4
-4 4
+4 8
+3 8
+1 4
+2 4
-2 4
-1 4
+3 4
+10 8
fi=(40) /build/glibc-bfm8X4/glibc-2.23/elf/./dl-load.h
+14 16
+1 12
+2 16
fi=(38)
+7 32
+6 4
+2 4
-2 4
+1 4
+2 4
-1 4
+1 4
-1 12
+8 8
+17 8
+12 8
-59 40
+2 8
+2 4
-2 8
+2 40
cfi=(26)
cfn=(72)
calls=4 -57 
* 124
* 12
fe=(22)
1229 16
+9 8
fi=(3) /build/glibc-bfm8X4/glibc-2.23/elf/get-dynamic-info.h
39 4
fe=(22)
1238 4
fi=(3)
39 4
+6 4
-2 4
+2 8
+15 4
+5 4
+3 4
-1 4
-3 4
-3 80
+10 18
-26 54
+16 78
+10 78
-26 234
+26 4
-26 12
+2 200
+13 88
+2 16
+3 16
+13 8
+20 14
+1 16
+1 16
+1 16
+2 16
+5 16
+1 15
+1 16
+6 12
+5 8
+7 8
+1 12
+16 12
+5 2
+2 2
-2 2
+2 2
+2 4
+2 4
+3 12
+10 1
-8 4
+8 1
+5 2
+3 8
fe=(22)
1245 8
+15 12
+19 8
+2 20
+54 12
+1 4
+3 4
cfi=(24)
cfn=(134) close
calls=2 84 
* 10
* 4
cfi=(24)
cfn=(134)
calls=2 84 
* 10
* 8
+9 8
+2 12
+2 4
-2 4
+2 4
+16 8
cfi=(6)
cfn=(10)
calls=4 956 
* 92
+4 8
+1 8
+17 8
+9 4
-5 12
+5 4
+10 8
+10 12
cfi=(15)
cfn=(48) _dl_add_to_namespace_list
calls=4 32 
* 180
+4 16
fi=(3)
68 16
+2 20
fe=(22)
1391 2
fi=(38)
119 8
+8 32
cfi=(27)
cfn=(74)
calls=4 -74 
* 363
* 16
-54 16
-1 24
cfi=(39)
cfn=(128) mprotect
calls=4 +12 
* 20
* 4
fi=(40)
+22 15
+1 33
+3 12
fi=(38)
+39 9
cfi=(26)
cfn=(72)
calls=1 33 
* 31
+3 3
fe=(22)
1233 6

fn=(140)
2018 40
+1 5
+6 5
-6 5
+6 5
+5 45
+52 5
-59 5
-1 5
+60 5
-52 40
+74 20
-62 5
-9 5
+9 5
+7 20
cfi=(25) /build/glibc-bfm8X4/glibc-2.23/string/../sysdeps/x86_64/memcpy.S
cfn=(70) mempcpy
calls=5 61 
* 140
+1 5
-1 5
+1 25
+20 16
+26 1
-25 1
+23 1
+2 2
-46 75
+3 40
+5 22
-1 11
+1 22
-1 33
cfi=(25)
cfn=(70)
calls=11 61 
* 212
* 44
cfi=(25)
cfn=(70)
calls=11 61 
* 253
-1 11
+7 11
-7 11
+7 11
+3 99
cfn=(112)
calls=11 1695 
* 751
* 11
+2 55
+26 12
+2 6
+25 3
cfi=(17)
cfn=(40)
calls=1 94 
* 29
* 1
* 1
+1 2
-1 1
+1 1
+2 5
cfi=(18)
cfn=(46)
calls=1 61 
* 46
+1 2
+34 8
-24 28
+7 4
-2 4
+2 12
+3 12
+14 4
-27 4
+27 28
-84 14
+1 63
+6 7
+2 7
-2 7
+2 14
-2 7
+2 7
cfi=(42)
cfn=(142)
calls=7 34 
* 88
* 14
+1 1
+2 1
-2 1
+2 7
+7 3
-7 6
+7 18
-30 6
+23 12

fn=(80)
433 16
+2 2
-2 18
+5 2
cfi=(17)
cfn=(82) strsep
calls=2 -84 
* 593
* 8
-66 6
cfi=(29)
cfn=(84)
calls=2 24 
* 70
* 4
+4 4
cfi=(28)
cfn=(78)
calls=2 40 
* 203
* 2
+68 4
cfi=(11)
cfn=(22)
calls=2 66 
* 50
+4 2
-4 2
+4 2
+22 33
+1 18
+55 4
+2 4
cob=(2)
cfi=(16)
cfn=(86)
calls=2 0 
* 14
* 4
-90 2
cfi=(17)
cfn=(82)
calls=2 -84 
* 12
* 6
+94 2
+3 18
-46 6
cfi=(11)
cfn=(22)
calls=1 66 
* 16
* 2
+4 2
-1 4
cfi=(17)
cfn=(40)
calls=1 94 
* 29
* 1
+1 2
-1 4
cfi=(17)
cfn=(40)
calls=1 94 
* 29
* 1
+3 2
-3 2
+3 4
+5 2
+1 4
-2 2
+2 2
cfi=(25)
cfn=(70)
calls=2 61 
* 57
+3 2
-3 2
+1 2
+2 2
+1 1
+5 2
+1 1
-1 2
+1 2
-1 2
+1 1
-1 2
+1 24
+1 22
-1 4
+3 4
+1 6
+1 5
cfi=(18)
cfn=(46)
calls=1 61 
* 18
* 1
+6 1
+1 1
-1 3
+1 1
-1 2
-67 12
+8 2
-3 6
+3 4
+26 2
-34 4
+65 2
-9 4

fl=(29)
fn=(84)
24 16
+1 16
+1 16
+1 16
+1 16
+1 16
+1 16
+1 16
+1 15
+1 15
+1 15
+1 15
+1 15
+1 15
+1 15
+1 15
+1 15
+1 11
+4 11
+1 11
+1 11
+1 11
+2 11
+4 4
+1 4
+1 4
+1 4
+1 4
+1 4
+1 4
+1 4
+1 4
+1 4
+1 4
+1 4
+1 4
+1 4
+1 4
+1 4
+1 4
+1 4
+1 4
+1 4
+1 4
+1 4
+1 4
+1 4
+52 5
+4 5
+1 5
+1 5
+1 5
+2 5
+4 1
+1 1
+1 1
+1 1
+1 1
+1 1
+1 1
+1 1
+1 1
+1 1
+1 1
+1 1
+1 1
+1 1
+1 1
+1 1
+1 1
+1 1
+1 1
+1 1
+1 1
+1 1
+1 1
+1 1
+1 1
+1 1
+1 1
+1 1
+1 1
+1 1
+1 1
+1 1
+1 1
+1 1
+1 1
+1 1
+1 1
+1 1

fl=(33) /build/glibc-bfm8X4/glibc-2.23/elf/dl-error.c
fn=(154) _dl_receive_error
205 10
+1 1
cfi=(2)
cfn=(102) _dl_initial_error_catch_tsd
calls=1 664 
* 2
+5 1
-1 1
-4 1
+9 1
+2 1
-3 1
+3 1
cfi=(2)
cfn=(156) version_check_doit
calls=1 529 
* 8922
+2 1
+1 1
+1 8

fn=(100) _dl_catch_error
163 18
+15 9
-3 18
+1 18
-13 18
+14 18
+1 9
+2 9
cfi=(2)
cfn=(102)
calls=9 664 
* 18
+2 9
-1 9
+4 9
-3 18
+3 9
-4 9
+4 9
cfi=(34) /build/glibc-bfm8X4/glibc-2.23/setjmp/../sysdeps/x86_64/setjmp.S
cfn=(104) __sigsetjmp
calls=9 26 
* 180
* 27
+2 27
cfi=(41) /build/glibc-bfm8X4/glibc-2.23/elf/dl-deps.c
cfn=(138) openaux
calls=8 60 
* 16274
cfi=(2)
cfn=(106) map_doit
calls=1 496 
* 2372
+1 18
+2 9
+1 9
-3 9
+1 18
+1 9
+9 9
-8 9
+8 27

fl=(41)
fn=(136) _dl_map_object_deps
161 1
-1 1
+1 1
-1 4
+1 1
-1 2
+1 1
-1 2
+1 1
-1 2
+1 3
-15 1
+15 1
-17 1
+1 1
+1 1
+6 4
+26 1
-26 1
+26 7
-34 1
+2 1
+33 2
-33 1
-2 1
+2 2
-2 1
+1 1
+1 1
+6 3
+26 1
-26 1
+26 5
+4 1
+21 1
+1 1
-22 2
+19 1
-12 1
+15 1
-16 2
+13 1
317 9
217 1
-4 1
-4 1
+8 6
-4 5
-4 5
+8 5
+12 12
+2 4
+11 4
-5 4
-6 8
+5 4
+2 8
+1 8
+3 28
+50 24
+1 18
-51 420
+1 210
+6 40
cfi=(29)
cfn=(84)
calls=8 24 
* 261
* 16
+5 40
-3 8
+3 8
cfi=(33)
cfn=(100)
calls=8 -91 
* 16770
+2 24
+15 8
+2 16
+5 4
+6 4
+2 4
-8 8
+3 4
+1 4
+1 4
+1 4
+4 24
+7 291
459 18
+2 12
+2 12
cfi=(17)
cfn=(40)
calls=4 94 
* 116
* 4
+2 4
-2 4
+2 4
+4 16
-1 4
+1 4
cfi=(18)
cfn=(46)
calls=4 61 
* 96
+1 20
cfi=(18)
cfn=(46)
calls=4 61 
* 96
+4 4
-1 4
+5 34
+7 6
+1 1
+3 5
+10 4
cfi=(17)
cfn=(40)
calls=1 94 
* 29
* 1
+3 1
-3 1
+3 1
+5 6
+1 1
-1 3
+1 2
+8 2
+4 3
-4 1
-6 3
-2 5
+8 10
+4 15
-4 5
-6 15
+13 3
+51 3
+2 3
+42 1
-4 1
+5 2
-1 4
+1 2
cfi=(27)
cfn=(74)
calls=1 53 
* 15
* 1
-2 9
+7 1
-1 1
+1 1
-1 2
+7 1
-7 1
+7 2
-13 5
+7 5
-1 5
+1 5
-1 10
+7 5
-7 5
+7 15
+2 20
+1 10
-1 28
+1 21
+2 72
+1 54
+4 10
cfi=(44)
cfn=(152)
calls=1 45 
* 66
+4 3
-2 1
+2 6
+20 36
cfi=(27)
cfn=(74)
calls=4 53 
* 69
* 20
-6 11
-28 22
+31 18
-10 7
cfi=(44)
cfn=(152)
calls=1 45 
* 36
+2 3
+2 2
-2 1
+2 3
+16 2
+2 1
+1 1
-1 1
+2 3
+7 3
+3 3
+3 8
481 15
-1 6
+1 13
202 2
+27 8
-19 4
+8 39
+2 4
+2 16
+2 45
338 10
611 8
cfi=(18)
cfn=(46)
calls=1 61 
* 47
+2 1
-38 1
+38 1
209 2

fn=(138)
60 16
+7 8
-4 88
cfi=(22)
cfn=(108)
calls=8 2167 
* 16138
* 8
+5 16

fl=(7) /build/glibc-bfm8X4/glibc-2.23/elf/../elf/dl-sysdep.c
fn=(12) _dl_sysdep_start
86 8
+25 1
-1 1
+1 114
+6 1
-3 1
+1 1
-4 1
+3 1
+3 4
+1 2
-1 25
+1 108
-1 106
+62 1
+1 1
-1 1
+1 1
-29 1
+1 2
+11 1
+1 1
-1 1
+1 1
-7 1
+1 1
-1 1
+1 1
-4 1
+1 2
-25 1
+1 2
-4 1
+1 2
-7 1
+1 1
+2 1
+1 1
fi=(9) /build/glibc-bfm8X4/glibc-2.23/elf/../sysdeps/unix/sysv/linux/dl-sysdep.c
-90 2
cfi=(10)
cfn=(18)
calls=1 -4 
* 11
fi=(5) /build/glibc-bfm8X4/glibc-2.23/elf/../sysdeps/x86_64/dl-machine.h
223 5
fi=(8) /build/glibc-bfm8X4/glibc-2.23/elf/../sysdeps/x86/cpu-features.c
61 2
+3 1
-3 1
+3 9
175 3
+1 1
+3 2
+1 1
+2 2
+1 7
+7 3
+4 2
+2 4
+51 2
fe=(7)
-16 1
fi=(8)
+27 1
+1 1
+1 1
fe=(7)
-29 1
+1 1
cfi=(11)
cfn=(22)
calls=1 66 
* 32
* 1
+2 2
cfi=(12) /build/glibc-bfm8X4/glibc-2.23/elf/../misc/sbrk.c
cfn=(24) sbrk
calls=1 34 
* 17
* 3
+12 3
+3 5
cfi=(2)
cfn=(26) dl_main
calls=1 790 
* 154528
+1 1
+1 8
fi=(8)
-4 2
+1 2
+4 2
-52 2
+1 1
+6 3
+2 1
+3 3
+16 2
+1 1
+2 2
29 2
+4 1
-4 1
+5 1
-1 1
+2 1
-1 1
+1 1
-2 1
+1 1
+1 1
+1 1
-7 2
+3 1
+4 1
+5 1
+32 2
-32 1
+27 1
+5 1
+3 1
+1 8
+57 2
-66 2
+44 2
248 2
+3 2
fe=(7)

fn=(236) _dl_sysdep_start_cleanup
256 1

fl=(91) /build/glibc-bfm8X4/glibc-2.23/elf/dl-open.c
fn=(376) _dl_find_dso_for_object
182 5
+1 4
+1 16
+1 2
+3 2
+4 1
-9 9

fl=(15)
fn=(32)
61 70
+1 5
cfi=(11)
cfn=(22)
calls=5 +4 
* 98
+6 5
-6 10
+6 10
+7 20
cfi=(17)
cfn=(36) calloc
calls=5 +28 
* 247
* 5
+3 5
-3 5
+3 5
+4 5
+5 10
-6 5
+6 5
-5 5
+3 10
+2 5
cfi=(18)
cfn=(46)
calls=5 -26 
* 133
+10 5
-10 5
+10 5
-8 5
+9 10
-1 15
+1 15
+3 5
-4 5
+1 5
+3 5
+9 5
-7 5
+4 5
+3 11
+2 2
-2 2
+2 30
-2 30
+12 5
+6 5
-5 5
-1 5
+6 25
+2 4
+3 4
-3 4
+3 4
-3 9
+7 15
+4 8
+2 5
+6 1
+6 1
-3 2
+3 6
-3 8
+3 8
+2 12
cfi=(11)
cfn=(22)
calls=4 -91 
* 134
+4 4
-4 16
+4 12
+64 8
+4 40
68 50
+34 14
+39 16
+70 12
cfi=(25)
cfn=(70)
calls=4 61 
* 142
* 66
+6 62
-1 62
+1 66
-1 4
+1 12
+5 8
-89 2
+32 8
cfi=(17)
cfn=(40)
calls=4 -71 
* 116
* 4
+1 4
-1 4
+1 12
+2 1
-35 2

fn=(48)
32 25
+2 10
cfi=(2)
cfn=(50)
calls=5 704 
* 10
+2 5
-2 5
+2 36
+3 42
+2 4
+2 4
+4 4
+4 4
-4 8
+1 4
+4 8
-4 4
+1 4
+3 4
-3 4
+2 4
cfi=(2)
cfn=(52)
calls=4 710 
* 8
-4 1
+4 1
-4 2
+1 1
+4 2
-4 1
+1 1
+3 1
-3 1
+2 1
cfi=(2)
cfn=(52)
calls=1 710 
* 2
-5 2

fl=(30)
fn=(94) _dl_debug_state
74 2

fn=(90)
50 12
+5 10
+5 2
-1 1
+1 2
+1 2
-1 1
+4 1
-13 6
+4 12
+4 1
-1 1
-58 6

fl=(17)
fn=(44) __libc_memalign
52 108
+1 143
+11 105
+3 35
-3 35
+3 70
-3 3
+3 1
-3 1
+3 130
+4 16
+1 8
+6 32
cfi=(26)
cfn=(72)
calls=4 -45 
* 132
+2 20
+4 12
+3 4
+1 4
+2 20
-3 32
+1 32
+2 160
-31 2
-1 5

fn=(82)
354 8
+2 4
+1 8
+4 100
+7 177
-2 118
+13 2
+4 4
-7 45
-15 139

fn=(36)
103 12
+8 36
-4 12
+4 24
+3 12
cfn=(40)
calls=12 -20 
* 456
* 12

fn=(88)
120 3
+2 9
+7 6

fn=(40)
94 35
+1 70
cfn=(44)
calls=35 -43 
* 1034
* 35

fl=(45) /build/glibc-bfm8X4/glibc-2.23/elf/dl-version.c
fn=(162) match_symbol
76 176
+9 16
-8 16
-1 32
+1 16
+8 16
+6 48
+15 16
+1 32
+2 16
+5 32
+14 254
+12 333
+4 111
-30 222
+19 80
cfi=(19)
cfn=(54)
calls=16 +11 
* 612
* 32
+35 128

fn=(160) _dl_check_map_versions
189 18
-15 54
+17 6
+3 18
-3 6
+2 6
+1 6
+2 6
-3 6
+3 6
+3 8
+4 4
-4 4
+4 16
+17 4
56 8
220 4
56 20
220 3
56 6
220 3
56 15
+1 28
-1 56
+2 105
cfi=(35)
cfn=(110)
calls=35 288 
* 3825
* 77
228 21
+5 56
+19 9
-15 212
cfn=(162)
calls=4 76 
* 563
* 48
cfn=(162)
calls=12 76 
* 1625
* 16
+7 96
+3 48
+9 42
+5 9
+1 3
+8 8
+3 12
+10 33
-7 132
+3 99
-3 12
+3 9
+8 15
+87 8
-81 20
cfi=(17)
cfn=(36)
calls=5 103 
* 241
* 5
+1 5
-2 5
+2 5
+11 5
+2 5
-5 5
+3 5
+2 5
-2 5
+2 5
+3 16
+4 21
+18 9
-15 27
+2 27
-2 21
+2 21
+2 16
+1 16
-1 32
+1 16
-1 16
+1 16
+1 16
-2 16
+2 32
+1 48
+3 48
+8 21
+5 3
+1 3
+4 15
+3 12
+20 33
-14 72
-2 33
+7 66
+1 33
-1 99
+1 33
-1 33
+1 33
+1 33
+3 108
+10 45
183 2
-8 2
+95 4
-80 2

fn=(158) _dl_check_all_versions
380 5
+4 7
+2 42
cfn=(160)
calls=6 189 
* 8809
-2 6
+2 18
-1 6
-1 12
+5 7

fl=(1) ???
fn=(0) 0x0000000000000c30
0 2
cfi=(2)
cfn=(2) _dl_start
calls=1 353 
0 155777
0 14
cfi=(66)
cfn=(244)
calls=1 80 
0 2036
0 3
cob=(7)
cfi=(78)
cfn=(314) _start
calls=1 0 
0 4012259844

fl=(24)
fn=(134)
84 20
+1 5

fn=(116)
84 16
+1 4

fn=(68)
84 16
+2 20

fn=(114)
84 60
+1 5
+1 50

fl=(79)
fn=(322) _dl_runtime_resolve_avx
64 1
+3 1
+2 1
+2 1
+3 1
+1 1
+1 1
+1 1
+1 1
+1 1
+1 1
+1 1
+1 1
+1 1
+1 1
+1 1
+1 1
+1 1
+1 1
+5 1
+1 1
+1 1
+1 1
+14 1
+1 1
+1 1
cfi=(80) /build/glibc-bfm8X4/glibc-2.23/elf/../elf/dl-runtime.c
cfn=(324) _dl_fixup
calls=1 -46 
* 1095
+1 1
+5 1
+1 1
+1 1
+1 1
+13 1
+1 1
+1 1
+1 1
+1 1
+1 1
+1 1
+1 1
+1 1
+1 1
+1 1
+1 1
+1 1
+1 1
+1 1
+2 1
+2 1
+4 1
+3 1
cob=(3)
cfi=(81) /build/glibc-bfm8X4/glibc-2.23/csu/../csu/libc-start.c
cfn=(328) (below main)
calls=1 -25 
* 4012258683

fn=(323)
64 44
+3 44
+2 44
+2 44
+3 44
+1 44
+1 44
+1 44
+1 44
+1 44
+1 44
+1 44
+1 44
+1 44
+1 44
+1 44
+1 44
+1 44
+1 44
+5 44
+1 44
+1 44
+1 44
+14 44
+1 44
+1 44
cfi=(80)
cfn=(324)
calls=44 -46 
* 37289
+1 44
+5 44
+1 44
+1 44
+1 44
+13 44
+1 44
+1 44
+1 44
+1 44
+1 44
+1 44
+1 44
+1 44
+1 44
+1 44
+1 44
+1 44
+1 44
+1 44
+2 44
+2 44
+4 44
+3 44
cob=(4)
cfi=(128)
cfn=(702)
calls=1 26 
* 299
cob=(4)
cfi=(126)
cfn=(692)
calls=1 25 
* 116
cob=(4)
cfi=(124)
cfn=(680)
calls=1 28 
* 143
cob=(6)
cfi=(96)
cfn=(670)
calls=1 829 
* 3216
cob=(6)
cfi=(103)
cfn=(656)
calls=1 559 
* 660940
cob=(6)
cfi=(121)
cfn=(642)
calls=1 -99 
* 464348
cob=(6)
cfi=(121)
cfn=(636)
calls=1 +94 
* 465222
cob=(6)
cfi=(120)
cfn=(630)
calls=1 -22 
* 466049
cob=(6)
cfi=(119)
cfn=(622)
calls=1 +12 
* 467739
cob=(6)
cfi=(118)
cfn=(612)
calls=1 588 
* 473065
cob=(6)
cfi=(118)
cfn=(606)
calls=1 765 
* 473927
cob=(6)
cfi=(117)
cfn=(600)
calls=1 522 
* 474741
cob=(6)
cfi=(116)
cfn=(594)
calls=1 +25 
* 1421996
cob=(6)
cfi=(96)
cfn=(588)
calls=2 -27 
* 204
cob=(4)
cfi=(114)
cfn=(580)
calls=1 -22 
* 54
cob=(6)
cfi=(112)
cfn=(572)
calls=1 49 
* 29281
cob=(6)
cfi=(111)
cfn=(566)
calls=1 36 
* 30126
cob=(3)
cfi=(105)
cfn=(560)
calls=1 41 
* 42
cob=(6)
cfi=(103)
cfn=(548)
calls=1 +94 
* 332618
cob=(6)
cfi=(103)
cfn=(542)
calls=1 338 
* 364130
cob=(6)
cfi=(103)
cfn=(536)
calls=1 408 
* 25
cob=(3)
cfi=(87)
cfn=(530)
calls=2 2934 
* 232
cob=(6)
cfi=(103)
cfn=(524)
calls=1 378 
* 18
cob=(6)
cfi=(110)
cfn=(518)
calls=1 +65 
* 29
cob=(6)
cfi=(96)
cfn=(512)
calls=1 977 
* 199030
cob=(3)
cfi=(109) /build/glibc-bfm8X4/glibc-2.23/stdlib/rand.c
cfn=(504) rand
calls=1 26 
* 47
cob=(3)
cfi=(106) /build/glibc-bfm8X4/glibc-2.23/stdlib/random.c
cfn=(492) srand
calls=1 +50 
* 10537
cob=(3)
cfi=(48) /build/glibc-bfm8X4/glibc-2.23/time/../sysdeps/unix/sysv/linux/x86/time.c
cfn=(486) __time_syscall
calls=1 30 
* 3
cob=(6)
cfi=(103)
cfn=(476)
calls=1 392 
* 193
cob=(3)
cfi=(105)
cfn=(470)
calls=1 41 
* 42
cob=(6)
cfi=(103)
cfn=(462)
calls=1 369 
* 1183
cob=(3)
cfi=(102)
cfn=(450)
calls=1 38 
* 159992
cob=(3)
cfi=(87)
cfn=(430)
calls=1 5021 
* 389
cob=(6)
cfi=(96)
cfn=(424)
calls=2 -45 
* 1989
cob=(3)
cfi=(87)
cfn=(418)
calls=2 3172 
* 501
cob=(6)
cfi=(97)
cfn=(410)
calls=1 -69 
* 53
cob=(6)
cfi=(96)
cfn=(396)
calls=1 408 
* 1480471
cfi=(91)
cfn=(376)
calls=1 +23 
* 39
cob=(3)
cfi=(87)
cfn=(360)
calls=2 2902 
* 59532

fl=(18)
fn=(46)
61 32
+2 32
+2 32
+3 22
+1 22
+2 6
+1 6
+2 6
+1 6
+5 6
+1 6
-1 16
+1 16
+2 7
+1 7
+2 7
+1 14
+5 7
+1 7
-1 15
+1 15
+2 6
+1 6
+2 6
+1 6
+5 6
+1 6
-1 16
+1 16
+2 15
+1 15
+2 15
+1 15
+5 15
+1 15
-1 7
+1 17
+5 10
+1 10
+1 10
+1 10
+2 10
+2 10
+1 10
+2 10
+8 22
+8 18
+6 18
+2 18
+1 18
+3 4
+1 12
+5 4
+1 4
+2 4
+2 4
+1 4
+2 4
-8 11
+1 11
+2 11
+2 11
+1 11
+2 19
+9 4
+1 4
-1 14
+1 14
+3 17
+1 17
+1 17
+5 61
+2 61
+1 61
+1 61
+1 61
+2 61
+1 61
+1 61
+1 61
+2 61
+1 61
+2 61
+2 50
+2 50
+1 50
+1 50
+1 50
+2 50
+1 50
+1 50
+1 50
+2 50
+1 50
+2 56
+5 3
+6 3
+1 3
-7 14
+6 14
+1 14
+2 9
+27 1
+2 1
+1 1
+2 191
+1 1
+11 1
+6 1
+1 1
+2 1

fl=(14)
fn=(30)
24 21
+1 21
+1 21
+1 21
+1 21
+1 21
+1 21
+1 21
+3 21
+1 21
+1 7
+1 7
+1 7
+1 7
+1 7
+1 7
+1 7
+2 20
+1 20
+1 6
+1 6
+1 6
+1 6
+1 6
+1 6
+1 6
+2 20
+1 20
+1 7
+1 7
+1 7
+1 7
+1 2
+1 2
+1 2
+2 15
+1 15
+1 8
+1 8
+1 8
+1 8
+5 7
+1 7
+1 7
+1 7
+1 7
+1 7
+1 7
+1 4
+1 4
+1 4
+1 4
+1 4
+7 4
+2 5
+4 13
+1 13
+1 2
+1 2
+1 2
+1 2
+1 2
+1 2
+1 2
+1 2
+1 2
+1 2
+1 2
+4 14
+1 14

fl=(26)
fn=(72)
33 14
-1 140
+1 34
+1 140
+2 98
-3 34

fl=(37)
fn=(124)
34 5
-1 5
+1 5
+1 30
+4 5

fl=(31)
fn=(204) _dl_add_to_slotinfo
890 6
+9 2
-9 2
+6 4
+8 10
+41 2
+1 6
+1 8

fn=(92) _dl_count_modids
115 2
+1 2

fn=(234) _dl_allocate_tls_init
450 2
-1 7
+5 1
+6 3
-6 1
+6 1
-4 1
+16 1
-15 3
+20 6
+6 20
+3 2
+1 4
+6 6
+3 2
-2 4
+2 8
+1 2
+3 2
-1 6
+4 4
+1 8
+2 4
+9 12
cfi=(25)
cfn=(70)
calls=2 61 
* 37
* 8
cfi=(27)
cfn=(74)
calls=2 53 
* 59
* 4
-38 6
+52 2
+2 1
+1 8

fn=(166) _dl_determine_tlsoffset
138 7
+6 3
+3 2
+36 3
+2 10
-2 1
+2 2
+3 2
-1 2
+5 4
-5 6
+3 6
+2 10
+16 6
+2 4
-2 4
+2 4
+4 3
+6 1
-37 2
+25 1
-25 2
+37 1
-37 2
+25 1
-25 4
+40 4
+1 1
+51 1
+1 8

fn=(144)
49 2
+3 8
+48 2
+4 4

fn=(168) _dl_allocate_tls_storage
354 3
+2 1
+11 3
cfi=(17)
cfn=(44)
calls=1 52 
* 76
* 1
+1 2
+7 2
+4 1
-57 1
+57 296
-58 2
+1 2
cfi=(17)
cfn=(36)
calls=1 103 
* 38
* 1
+1 2
+3 1
+6 2
+64 5

fl=(39)
fn=(128)
84 40
+1 10

fn=(240)
84 4
+1 1

fl=(46) /build/glibc-bfm8X4/glibc-2.23/elf/dl-reloc.c
fn=(170) _dl_relocate_object
149 60
+15 6
-15 12
+15 6
+1 36
+6 12
+6 18
-18 12
+22 12
+7 6
-32 6
+32 6
+44 6
fi=(5)
76 18
fe=(46)
232 12
fi=(5)
76 18
+6 10
+4 15
+14 5
-8 5
+10 5
-2 10
+20 10
+9 3
fe=(46)
258 248
-98 30
fi=(5)
301 40
fe=(46)
-43 5
fi=(4) /build/glibc-bfm8X4/glibc-2.23/elf/do-rel.h
58 5
-10 5
-1 10
+11 5
-11 5
+11 5
fe=(46)
258 1
-98 6
fi=(5)
301 8
fe=(46)
-43 1
fi=(4)
58 1
-10 1
-1 2
+11 1
-11 1
+11 1
fe=(46)
258 6
fi=(4)
58 6
-10 6
-1 12
+11 6
-11 6
+11 6
+3 25
fi=(5)
528 488
+4 488
+2 732
+1 244
fi=(4)
61 792
+2 1064
+2 70
-4 6
+13 10
+1 10
+1 44
fi=(5)
528 22
+26 22
fi=(4)
75 22
fi=(5)
554 44
cob=(4)
cfi=(61)
cfn=(232)
calls=1 0 
* 8
cob=(4)
cfi=(61)
cfn=(230)
calls=1 0 
* 8
cob=(4)
cfi=(63)
cfn=(228)
calls=1 16 
* 5
cob=(4)
cfi=(65)
cfn=(226)
calls=1 25 
* 5
cob=(4)
cfi=(64)
cfn=(224)
calls=1 25 
* 5
cob=(4)
cfi=(63)
cfn=(222)
calls=1 10 
* 5
cob=(4)
cfi=(62)
cfn=(220)
calls=1 25 
* 5
cob=(4)
cfi=(61)
cfn=(218)
calls=1 0 
* 8
cob=(4)
cfi=(60)
cfn=(216)
calls=1 8 
* 5
cob=(4)
cfi=(59)
cfn=(214)
calls=1 25 
* 5
cob=(4)
cfi=(58)
cfn=(212)
calls=1 25 
* 5
cob=(4)
cfi=(57)
cfn=(210)
calls=1 25 
* 5
cob=(4)
cfi=(56)
cfn=(208)
calls=1 12 
* 8
cob=(4)
cfi=(55)
cfn=(206)
calls=1 9 
* 8
cob=(3)
cfi=(54) ???
cfn=(202) memcpy@GLIBC_2.2.5
calls=1 0 
* 11
cob=(3)
cfi=(53) /build/glibc-bfm8X4/glibc-2.23/time/../sysdeps/unix/sysv/linux/x86/gettimeofday.c
cfn=(198) gettimeofday
calls=1 37 
* 66
cob=(3)
cfi=(52) /build/glibc-bfm8X4/glibc-2.23/string/../sysdeps/x86_64/multiarch/strspn.S
cfn=(196) strspn
calls=1 30 
* 6
cob=(3)
cfi=(51) /build/glibc-bfm8X4/glibc-2.23/string/../sysdeps/x86_64/multiarch/strcspn.S
cfn=(194) strpbrk
calls=1 45 
* 6
cob=(3)
cfi=(47) /build/glibc-bfm8X4/glibc-2.23/string/../sysdeps/x86_64/multiarch/strcmp.S
cfn=(192) strncasecmp
calls=1 129 
* 5
cob=(3)
cfi=(51)
cfn=(190) strcspn
calls=1 45 
* 6
cob=(3)
cfi=(48)
cfn=(184) time
calls=1 38 
* 66
cob=(3)
cfi=(47)
cfn=(182) strcasecmp
calls=1 109 
* 5
fi=(4)
75 22
fi=(5)
555 22
fi=(4)
75 28
fe=(46)
258 4
fi=(4)
75 20
fe=(46)
258 20
+3 24
+24 6
+3 12
+17 18
+2 48
fi=(4)
84 7
-1 7
+3 14
-3 7
+3 7
+12 21
+10 10
+3 14
fi=(5)
512 4
fi=(4)
112 8
fi=(5)
512 1237
fi=(4)
112 2458
fi=(5)
512 2458
+5 2466
+1 2466
fi=(4)
111 2466
fi=(5)
518 1233
fi=(4)
111 1233
+7 21
+6 6
-3 12
+3 16
fi=(5)
447 15
fi=(4)
127 580
+9 290
+3 145
-3 145
+3 145
fi=(5)
269 145
fi=(4)
138 145
-2 145
+1 580
fi=(5)
269 145
+21 290
+4 290
+7 2898
fi=(4)
137 120
fi=(5)
301 240
fi=(4)
137 120
fi=(5)
301 120
fi=(4)
137 120
fi=(5)
301 240
fi=(4)
137 6
fi=(5)
301 12
fi=(4)
137 6
fi=(5)
301 6
fi=(4)
137 6
fi=(5)
301 1776
cfi=(6)
cfn=(176)
calls=126 806 
* 77187
* 1008
+2 393
+3 135
-3 270
+3 405
+6 870
fe=(46)
178 12
fi=(5)
435 357
fi=(4)
124 445
+19 10
fi=(5)
301 78
fi=(4)
108 3
fi=(5)
407 48
+4 80
+14 80
-72 6
+11 8
-19 4
+1 6
474 18
+4 42
cfi=(18)
cfn=(46)
calls=6 61 
* 1508
+2 24
+1 6
fe=(46)
313 30
+3 6
-3 12
+3 6
+4 12
+1 24
cfi=(39)
cfn=(128)
calls=6 84 
* 30
* 18
fi=(5)
123 25
+6 20
fe=(46)
258 3
fi=(4)
129 12
fi=(5)
301 145
fi=(4)
160 7
+2 20
+8 10
+1 5
-1 5
+1 5
fi=(5)
+98 5
fi=(4)
-99 15
fi=(5)
+99 5
+21 10
+4 10
+7 180
cfi=(6)
cfn=(176)
calls=5 806 
* 2805
* 35
+2 15
+3 1
-3 2
+3 3
+6 30
435 15
fi=(4)
160 17
+14 2
fi=(5)
301 10
fe=(46)

fl=(19)
fn=(54)
144 542
+1 542
+2 542
+1 542
+21 542
+1 542
+1 332
+1 332
+1 258
+1 258
+1 258
+1 258
+21 258
+1 258
+1 258
+1 258
+1 258
+1 258
+1 258
+5 15
+1 15
+9 15
+1 15
+1 15
+1 15
+1 15
+1 15
+1 15
+1 15
-7 284
+1 284
+1 284
+1 284
+1 284
+1 284
+1 284
+1 284
+1 295
+1 179
+1 179
+1 179
+2 179
+1 179
+1 179
+1 179
+1 179
+1 179
-5 116
+1 116
+1 116
+1 116
+1 116
+1 116
+10 4
+1 4
+1 4
+2 4
+6 4
+1 4
+1 4
+1 4
+1 4
+5 4
+2 3
+1 3
+1 6
+8 3
+1 3
+3 3
+1 3
+1 3
+1 3
+1 3
+1 3
+6 1
+1 1
+1 1
+3 1
+1 1
+1 1
+1 1
+1 1
+1 1
447 1
+1 1
+1 1
+1 1
+1 1
+2 1
+1 1
+1 1
+1 1
+1 1
+1 1
+1 1
+1 1
+3 1
+1 1
+1 1
+6 1
+1 1
+1 2
+4 1
+1 1
+3 1
+1 1
+1 1
+3 1
+1 1
+1 1
+6 1
+1 1
+1 1
+1 1
+1 1
+1 1
+7 1
+1 1
+2 1
+1 1
+2 1
+1 1
+1 1
+3 1
+1 1
+1 1
+6 1
+1 1
+1 1
+1 1
+1 1
+1 1
821 1
+1 1
+1 1
+1 1
+1 1
+2 1
+1 1
+1 1
+1 1
+1 1
+1 1
+1 1
+1 1
+4 1
+1 1
+1 1
+6 1
+1 1
+1 2
+4 1
+1 1
+3 1
+1 1
+1 1
+3 1
+1 1
+1 1
+6 1
+1 1
+1 1
+1 1
+1 1
+1 1
+7 1
+1 1
+2 1
+1 1
+2 1
+1 1
+1 1
+3 1
+1 1
+1 1
+6 1
+1 1
+1 1
+1 1
+1 1
+1 1
+41 4
+1 4
+1 4
+1 4
+1 4
+2 4
+1 4
+1 4
+1 4
+1 4
+1 4
+1 4
+1 2
+4 2
+1 2
+1 2
+6 2
+1 2
+1 4
+4 2
+1 2
+3 2
+1 2
+1 2
+3 2
+1 2
+1 2
+6 2
+1 2
+1 2
+1 2
+1 2
+1 2
+72 9
+1 9
+1 9
+1 9
+1 9
+2 9
+1 9
+1 9
+1 9
+1 9
+1 9
+1 9
+1 6
+4 6
+1 6
+1 6
+6 6
+1 6
+1 12
+4 6
+1 6
+3 6
+1 6
+1 6
+3 6
+1 6
+1 6
+6 6
+1 6
+1 6
+1 6
+1 6
+1 6
+7 1
+1 1
+2 1
+1 1
+2 1
+1 1
+1 1
+3 1
+1 1
+1 1
+6 1
+1 1
+1 1
+1 1
+1 1
+1 1
+41 7
+1 7
+1 7
+1 7
+1 7
+2 7
+1 7
+1 7
+1 7
+1 7
+1 7
+1 7
+1 3
+4 3
+1 3
+1 3
+6 3
+1 3
+1 6
+4 3
+1 3
+3 3
+1 3
+1 3
+3 3
+1 3
+1 3
+6 3
+1 3
+1 3
+1 3
+1 3
+1 3
+72 58
+1 58
+1 58
+1 58
+1 58
+2 58
+1 58
+1 58
+1 58
+1 58
+1 58
+1 58
+1 1
+4 1
+1 1
+1 1
+6 1
+1 1
+1 2
+4 1
+1 1
+3 1
+1 1
+1 1
+3 1
+1 1
+1 1
+6 1
+1 1
+1 1
+1 1
+1 1
+1 1
+72 78
+1 78
+1 78
+1 78
+1 78
+2 78
+1 78
+1 78
+1 78
+1 78
+1 78
+1 78
+1 1
+4 1
+1 1
+1 1
+6 1
+1 1
+1 2
+4 1
+1 1
+3 1
+1 1
+1 1
+3 1
+1 1
+1 1
+6 1
+1 1
+1 1
+1 1
+1 1
+1 1
+72 12
+1 12
+1 12
+1 12
+1 12
+2 12
+1 12
+1 12
+1 12
+1 12
+1 12
+1 12
+1 1
+4 1
+1 1
+1 1
+6 1
+1 1
+1 2
+4 1
+1 1
+3 1
+1 1
+1 1
+3 1
+1 1
+1 1
+6 1
+1 1
+1 1
+1 1
+1 1
+1 1
+72 22
+1 22
+1 22
+1 22
+1 22
+2 22
+1 22
+1 22
+1 22
+1 22
+1 22
+1 22
+1 3
+4 3
+1 3
+1 3
+6 3
+1 3
+1 6
+4 3
+1 3
+3 3
+1 3
+1 3
+3 3
+1 3
+1 3
+6 3
+1 3
+1 3
+1 3
+1 3
+1 3
+7 1
+1 1
+2 1
+1 1
+2 1
+1 1
+1 1
+3 1
+1 1
+1 1
+6 1
+1 1
+1 1
+1 1
+1 1
+1 1
+41 7
+1 7
+1 7
+1 7
+1 7
+2 7
+1 7
+1 7
+1 7
+1 7
+1 7
+1 7
+1 4
+4 4
+1 4
+1 4
+6 4
+1 4
+1 8
+4 4
+1 4
+3 4
+1 4
+1 4
+3 4
+1 4
+1 4
+6 4
+1 4
+1 4
+1 4
+1 4
+1 4
+72 9
+1 9
+1 9
+1 9
+1 9
+2 9
+1 9
+1 9
+1 9
+1 9
+1 9
+1 9
+1 5
+4 5
+1 5
+1 5
+6 5
+1 5
+1 10
+4 5
+1 5
+3 5
+1 5
+1 5
+3 5
+1 5
+1 5
+6 5
+1 5
+1 5
+1 5
+1 5
+1 5
+72 87
+1 87
+1 87
+1 87
+1 87
+2 87
+1 87
+1 87
+1 87
+1 87
+1 87
+1 87
+2 4
+4 4
+1 4
+1 4
+6 4
+1 4
+2 8
+4 4
+1 4
+3 4
+1 4
+1 4
+3 4
+1 4
+1 4
+6 4
+1 4
+1 4
+1 4
+1 4
+1 4
+44 2
+1 2
+1 2
+1 2
+7 2
+1 2
+1 2
+18 35
+2 35
+1 35
+1 35
+1 35
-3 264
+1 264
+1 264
+1 264
+1 537
+5 179
+6 179
+1 179
+8 179
+1 179
-16 363
+6 363
+1 363
+8 363
+1 363

fl=(2)
fn=(52)
710 14

fn=(96) handle_ld_preload
757 7
+1 1
-1 1
-75 1
+86 1
-11 1
-75 6
+80 3
fi=(32) /build/glibc-bfm8X4/glibc-2.23/elf/../string/bits/string2.h
961 1
+1 145
+1 46
-2 46
+2 46
-2 139
+2 1
-2 3
fe=(2)
766 2
+10 4
108 3
779 2
677 1
+5 5
-10 1
+4 1
+1 1
+1 1
+2 1
+2 1
cfi=(33)
cfn=(100)
calls=1 163 
* 2434
+1 3
+13 3
+84 1
-18 3
+21 9
-15 4
cfi=(18)
cfn=(46)
calls=1 61 
* 63
* 1
+1 2

fn=(164) init_tls
589 1
+6 1
-6 1
+2 2
+4 1
+10 4
cfi=(17)
cfn=(36)
calls=1 103 
* 38
* 1
+11 1
-5 1
-7 1
+6 1
+2 1
-1 1
+5 1
+2 1
-1 1
+1 14
+2 12
+4 2
+2 2
-2 4
-5 12
+9 3
+3 1
cfi=(31)
cfn=(166)
calls=1 138 
* 107
+7 1
cfi=(31)
cfn=(168)
calls=1 354 
* 439
+1 1
-1 1
+1 1
+6 1
+3 1
-3 1
+3 6
+3 1
+2 1
+1 2

fn=(26)
790 1
+19 1
-19 7
2390 1
790 3
+19 1
+3 1
-22 1
2385 1
812 1
+4 2
+1 2
+5 2
2383 2
+7 4
-4 1
+4 8
+2 2
cfi=(13) /build/glibc-bfm8X4/glibc-2.23/elf/dl-environ.c
cfn=(28) _dl_next_ld_env_entry
calls=1 30 
* 54
* 4
cfi=(13)
cfn=(28)
calls=2 30 
* 205
* 9
+4 50
+1 19
-1 57
+3 4
+6 14
2553 3
+30 3
832 3
1033 7
cfi=(15)
cfn=(32)
calls=1 61 
* 250
+2 1
-2 1
+2 1
+1 1
+1 1
+5 2
-5 1
+1 2
+4 1
cfi=(15)
cfn=(48)
calls=1 32 
* 33
+1 3
799 1
1072 1
-3 1
-5 1
+1 1
+2 1
+5 7
+56 5
-55 24
-1 27
+1 47
1175 5
+3 2
+2 2
+2 3
+13 3
+1 6
cfi=(19)
cfn=(54)
calls=1 144 
* 44
* 2
+7 1
+3 1
-5 1
+3 1
+2 1
+1 2
+4 2
+2 2
fi=(3)
30 1
+9 2
+6 1
-2 1
+2 2
+15 1
+5 1
+3 1
+2 1
-3 1
-3 1
-3 14
+10 3
-26 9
+16 21
+10 21
-26 63
+26 1
-26 3
+2 50
+13 16
+2 4
+16 3
+38 3
+5 2
+7 2
+1 3
+16 3
+14 3
+18 2
fe=(2)
1218 2
cfi=(6)
cfn=(10)
calls=1 956 
* 23
+3 2
fi=(20) /build/glibc-bfm8X4/glibc-2.23/elf/setup-vdso.h
24 2
fe=(2)
1243 1
cfi=(9)
cfn=(60) _dl_discover_osversion
calls=1 45 
* 93
* 8
-75 2
+1 2
+1 1
-6 2
+1 1
-88 3
+1 1
+50 2
-1 8
+2 4
+1 1
+3 2
+1 2
-1 2
+1 2
+1 2
+1 6
+1 2
-43 1
-2 2
+27 1
-25 2
+7 1
-10 1
+10 1
-19 3
+1 1
fi=(3)
65 4
+3 4
+2 4
fe=(2)
2480 1
+1 1
-1 2
+1 3
cfi=(14)
cfn=(30)
calls=1 24 
* 31
* 2
-55 4
cfi=(14)
cfn=(30)
calls=1 24 
* 18
* 2
+7 4
cfi=(14)
cfn=(30)
calls=1 24 
* 36
* 2
+2 3
+48 3
1248 2
cfi=(22)
cfn=(64)
calls=1 661 
* 2947
+3 3
cfi=(30)
cfn=(90)
calls=1 50 
* 17
+7 1
-7 1
+2 1
+5 1
+3 3
+1 1
+3 1
-3 3
+1 2
+3 1
+5 1
-7 1
+7 1
+1 5
+17 2
+1 2
+5 1
-3 4
+2 2
+1 3
+5 3
+1 5
+2 2
+1 2
+5 2
+5 1
805 1
1314 2
1491 1
cfi=(31)
cfn=(92)
calls=1 115 
* 4
* 1
+8 3
+3 1
+4 3
+5 1
+1 1
cfi=(30)
cfn=(94)
calls=1 74 
* 1
+1 1
+4 3
+15 3
+4 1
-2 1
+2 2
+2 3
+1 1
-1 2
+1 1
cfn=(96)
calls=1 757 
* 2994
* 1
+1 1
+2 6
+10 3
cfi=(24)
cfn=(68)
calls=1 84 
* 9
* 2
+77 1
-96 1
+96 3
+17 3
+1 1
-1 1
+1 2
-1 1
+1 5
cfi=(41)
cfn=(136)
calls=1 161 
* 19839
+1 1
+2 2
+3 1
-3 3
+3 1
-3 1
+3 3
+1 4
-1 2
+1 20
-1 10
+4 3
+1 3
+1 1
+2 2
+1 6
-1 7
+1 11
-1 9
-3 1
+16 1
+1 2
-1 1
+1 1
+2 1
+2 3
+2 1
-4 1
+5 1
-1 2
+14 2
+1 2
+1 3
+11 1
+2 1
-2 1
+2 2
-1 1
+1 1
-2 3
+2 1
cfi=(33)
cfn=(154)
calls=1 205 
* 8952
+10 1
+1 1
-1 1
+1 1
+1 1
cfn=(164)
calls=1 589 
* 671
* 1
+2 2
719 1
+2 3
fi=(138) /build/glibc-bfm8X4/glibc-2.23/elf/../sysdeps/unix/sysv/linux/dl-osinfo.h
77 1
fe=(2)
730 1
+7 1
-5 1
1729 3
1959 3
2129 4
+2 1
+5 3
cfi=(31)
cfn=(234)
calls=1 450 
* 235
+3 2
+9 3
+2 2
+15 1
+2 1
-2 2
+3 1
-3 1
+3 1
-3 1
+3 3
cfi=(46)
cfn=(170)
calls=1 149 
* 4520
+1 1
+2 6
+8 1
cfi=(7)
cfn=(236)
calls=1 256 
* 1
+4 3
+20 3
cfi=(30)
cfn=(90)
calls=1 50 
* 8
+1 1
-1 1
+2 1
cfi=(30)
cfn=(94)
calls=1 74 
* 1
+1 1
+4 1
cfi=(43)
cfn=(238)
calls=1 322 
* 15
+5 8
2080 3
+7 1
+2 3
+19 1
-19 4
+2 1
+2 18
+5 12
+2 12
+6 6
+2 12
+1 40
cfi=(46)
cfn=(170)
calls=5 149 
* 112240
+4 22
-22 14
+25 1
+2 5
+6 1
-6 1
+6 1
-10 4
cfi=(31)
cfn=(204)
calls=2 890 
* 40
* 2
-12 1
+1 1
-3 2
-85 1
+11 1
-7 1
-4 1
+4 3
+4 2
+3 1
1672 2
-39 5
+1 1
-1 3
+4 3
+1 1
+1 2
+1 2
1237 3

fn=(2)
353 9
+18 4
fi=(5)
59 1
fe=(2)
371 1
fi=(3)
45 1
fi=(5)
+14 2
fe=(2)
397 1
fi=(3)
45 1
fe=(2)
394 1
fi=(3)
45 1
+25 2
-3 1
-7 1
+5 1
+3 1
+2 1
-3 1
-3 1
-3 2
-13 26
+23 13
-26 39
+26 1
-26 3
+2 36
+13 20
+1 16
+10 4
-26 12
+33 2
+20 4
+1 4
+1 4
+1 4
+2 4
+5 4
+1 4
+1 4
+6 3
+5 2
+7 3
+1 3
+8 3
+2 3
+3 2
+1 2
fe=(2)
408 2
302 1
415 1
302 1
cfi=(6)
cfn=(10)
calls=1 956 
* 23
+1 2
+1 2
+1 2
+1 2
+8 1
+9 1
-9 3
+9 1
-6 1
-3 1
+9 1
cfi=(7)
cfn=(12)
calls=1 86 
* 155129
* 1
+9 1
+3 4
+4 1
-4 1
+4 1
440 9
fi=(3)
62 4
+3 4
fe=(2)
413 26
fi=(4)
84 1
+27 1
-28 1
+28 2
+1 2
fi=(5)
517 2
fi=(4)
112 18
fi=(5)
517 18
+1 20
fi=(4)
111 20
fi=(5)
518 10
fi=(4)
111 10
+5 2
+8 1
fi=(5)
312 1
fi=(4)
124 2
+12 1
+1 3
fi=(5)
266 1
fi=(4)
137 1
fi=(5)
294 1
fi=(4)
137 2
fi=(5)
294 1
fi=(4)
136 5
+1 15
fi=(5)
266 5
fi=(4)
137 5
fi=(5)
294 5
fi=(4)
137 10
fi=(5)
294 5
+9 12
+3 6
-3 12
+3 18
+6 36
fi=(3)
68 4
+2 3
fi=(5)
425 12
fi=(4)
124 19
fe=(2)

fn=(106)
496 1
+2 1
-2 1
+3 8
cfi=(22)
cfn=(108)
calls=1 2167 
* 2358
* 1
+2 2

fn=(102)
664 20

fn=(50)
704 14

fn=(156)
529 2
+2 4
cfi=(45)
cfn=(158)
calls=1 380 
* 8912
* 2
+4 2

fl=(34)
fn=(104)
26 9
+9 9
+1 18
+1 9
+4 9
+1 9
+1 9
+1 9
+1 9
+2 18
+2 9
+1 9
+1 9
+2 18
+2 9
+4 9
+1 9

fl=(25)
fn=(70)
61 39
+4 39
+3 33
+1 33
+2 10
+1 10
+2 10
+1 10
+5 10
+1 10
-1 23
+1 23
+2 16
+1 16
+2 16
+1 16
+5 16
+1 16
-1 17
+1 17
+2 13
+1 13
+2 13
+1 13
+5 13
+1 13
-1 20
+1 20
+2 17
+1 17
+2 17
+1 34
+5 17
+1 17
-1 16
+1 18
+5 2
+1 2
+1 2
+1 2
+2 2
+2 2
+1 2
+2 2
+6 33
+4 33
+12 8
+2 8
+1 8
+26 8
+1 8
+3 8
+1 8
+1 8
+5 8
+2 8
+1 8
+1 8
+1 8
+2 8
+1 8
+1 8
+1 8
+2 8
+1 8
+2 8
+22 8
+2 8
+2 6
+7 6

fl=(35)
fn=(110)
288 850
+1 340
cfi=(19)
cfn=(54)
calls=170 144 
* 6824
* 170
+1 170
-1 170
+3 170
+2 340
+4 170
-4 340
+1 546
cfi=(19)
cfn=(54)
calls=182 144 
* 7564
* 364
-5 12
+11 218
-1 158
+1 632

fn=(148)
45 2
+7 1
-7 3
+7 1
-7 3
+7 1
cfi=(24)
cfn=(114)
calls=1 +32 
* 5
+1 2
+2 5
cfi=(37)
cfn=(124)
calls=1 -21 
* 10
* 2
+2 1
+3 1
-3 1
+3 1
+13 2
cfi=(24)
cfn=(134)
calls=1 +11 
* 5
+3 7
-14 6
cfi=(26)
cfn=(72)
calls=1 -29 
* 33
* 2

fl=(9)
fn=(60)
45 7
+2 3
+85 8
-45 3
cfi=(21) /build/glibc-bfm8X4/glibc-2.23/posix/../sysdeps/unix/syscall-template.S
cfn=(62) uname
calls=1 -3 
* 5
* 1
+15 1
-15 1
+20 1
-1 1
+3 12
+4 3
-2 6
+2 10
+2 1
+1 2
-3 4
+7 3
-1 3
+4 3
-2 3
+2 10
+5 2

fl=(12)
fn=(24)
34 4
+8 6
+4 2
+16 5

fl=(13)
fn=(28)
30 3
+3 10
+13 33
-13 99
+2 70
+1 34
+5 2
-3 2
+3 2
+2 2
-12 1
+19 1

fl=(27)
fn=(74)
53 20
+1 20
+1 20
+1 20
+1 20
+2 20
+1 20
+1 16
+1 16
+6 1
+9 4
+1 4
+1 4
+1 4
+1 4
+1 4
+1 4
+1 4
+1 4
+1 4
+1 4
+1 4
+1 4
+1 7
+3 3
+1 3
+1 3
+1 3
+1 3
+1 3
+1 3
-6 40
+1 40
+1 40
+1 40
+1 40
+1 40
+1 40
+1 3
+3 16
+1 16
+1 16
+1 6
+1 6
+1 2
+1 2
+3 2
+1 2
+1 2
+1 2
+2 4
+1 4
+1 4
+2 10
+1 10
+1 10

fl=(21)
fn=(62)
84 4
+1 1

fl=(23)
fn=(66)
39 6
+3 1
-3 2
+3 1
-1 1
+1 1
+9 1
-12 4
+12 2
+10 4
162 2
-47 3
cfi=(24)
cfn=(68)
calls=1 -31 
* 9
* 2
+55 3
+2 2
+1 5
+4 2
+4 1
-4 1
+1 1
+3 1
+3 1
+1 1
-1 1
+4 3
+1 1
-1 9
+1 1
+18 10
+1 2
-1 1
+1 3
cfi=(17)
cfn=(40)
calls=1 94 
* 29
* 1
+1 1
-1 1
+1 5
+29 1
+3 1
-3 2
+3 1
+23 7
+6 2
-1 2
+1 6
-1 8
+5 6
+3 1
-3 1
+3 1
-3 3
+3 1
-3 1
+3 5
+1 12
+1 4
-1 4
+1 8
-2 4
+1 8
-1 14
+4 4
+4 1
-1 1
+2 1
-2 1
+1 1
+1 1
-2 1
+2 10
+13 2
+1 1
-1 1
+3 2
-3 2
+1 1
-1 1
+3 2
+3 4
+3 1
-1 1
+1 9
113 1
+17 1
+1 1
-1 9
243 6
cfi=(25)
cfn=(70)
calls=1 61 
* 22
* 4
cfi=(25)
cfn=(70)
calls=1 61 
* 18
+1 4
cfi=(25)
cfn=(70)
calls=1 61 
* 22
* 4
cfi=(25)
cfn=(70)
calls=1 61 
* 18
* 12

fl=(80)
fn=(324)
66 90
+5 90
-5 45
+3 90
+3 45
-1 90
-3 45
+5 270
+1 45
-1 45
+1 90
+5 90
+4 90
+4 135
+4 45
+1 225
+2 180
+7 90
-1 45
+1 45
+10 405
cfi=(6)
cfn=(176)
calls=45 806 
* 34909
* 45
+4 225
+10 270
+16 45
-8 45
+8 135
+4 135
fi=(5)
+90 45
fe=(80)
-86 135
fi=(100) /build/glibc-bfm8X4/glibc-2.23/elf/../sysdeps/x86_64/dl-irel.h
32 4
cob=(3)
cfi=(54)
cfn=(202)
calls=1 -32 
* 11
cob=(3)
cfi=(48)
cfn=(184)
calls=1 +6 
* 66
cob=(3)
cfi=(104) /build/glibc-bfm8X4/glibc-2.23/string/../sysdeps/x86_64/multiarch/memcpy.S
cfn=(468) memcpy@@GLIBC_2.14
calls=1 * 
* 7
cob=(3)
cfi=(101) /build/glibc-bfm8X4/glibc-2.23/string/../sysdeps/x86_64/multiarch/memset.S
cfn=(448) memset
calls=1 -4 
* 8
* 4
fe=(80)

ob=(7)
fl=(95) /home/biczokrf/libpll/test/src/common.c
fn=(390) get_attributes
27 7
+7 8
-5 4
+15 11
+3 1
-20 3

fl=(86) /home/biczokrf/libpll/test/src/sumtables-aa-benchmark.c
fn=(354) main
47 8
+7 1
-7 4
+7 1
cob=(1)
cfi=(79)
cfn=(323)
calls=1 +10 
* 60424
* 5
+41 2
-41 1
+2 1
+1 1
+1 1
+1 1
+1 1
+1 1
+1 1
+1 1
+2 1
+1 1
+1 1
+1 1
+1 1
+1 1
+1 1
+1 1
+2 1
+1 1
+1 1
+1 1
+1 1
+1 1
+1 1
+1 1
+4 1
+1 1
+1 1
+1 1
+1 1
+1 1
+1 1
+1 1
+3 1
cfi=(95)
cfn=(390)
calls=1 -68 
* 34
* 3
+4 13
cob=(1)
cfi=(79)
cfn=(323)
calls=1 -35 
* 1481224
* 5
* 26
cob=(6)
cfi=(96)
cfn=(396)
calls=2 408 
* 8799765
* 2
+12 6
-12 3
+12 3
+5 18
cob=(6)
cfi=(96)
cfn=(424)
calls=2 -2 
* 807
cob=(1)
cfi=(79)
cfn=(323)
calls=1 -52 
* 1087
* 7
+4 3
-4 3
+4 3
+6 3
+3 9
+15 3
-1 3
-17 3
+21 3
-20 3
-1 6
+1 3
+2 3
cob=(6)
cfi=(103)
cfn=(462)
calls=2 369 
* 122
cob=(1)
cfi=(79)
cfn=(323)
calls=1 -65 
* 1904
* 7
+1 12
cob=(6)
cfi=(103)
cfn=(476)
calls=2 392 
* 386
cob=(1)
cfi=(79)
cfn=(323)
calls=1 -66 
* 954
* 7
+9 9
cob=(3)
cfi=(87)
cfn=(418)
calls=2 3172 
* 421
cob=(1)
cfi=(79)
cfn=(323)
calls=1 -75 
* 1336
* 7
+2 3
-2 3
+2 3
cob=(3)
cfi=(48)
cfn=(486)
calls=2 30 
* 6
cob=(1)
cfi=(79)
cfn=(323)
calls=1 -77 
* 1122
* 7
* 6
cob=(3)
cfi=(106)
cfn=(492)
calls=2 +68 
* 21074
cob=(1)
cfi=(79)
cfn=(323)
calls=1 -77 
* 11572
* 7
+6 6
-2 9
cob=(3)
cfi=(87)
cfn=(418)
calls=3 3172 
* 5712
* 3
* 36
cob=(3)
cfi=(87)
cfn=(418)
calls=12 3172 
* 22566
* 12
* 90
+2 15
cob=(3)
cfi=(109)
cfn=(504)
calls=14 26 
* 655
cob=(1)
cfi=(79)
cfn=(323)
calls=1 -83 
* 1083
* 19
* 224985
cob=(3)
cfi=(109)
cfn=(504)
calls=224985 26 
* 10567041
* 224985
* 2475000
-1 450000
+3 60
-5 15
+5 15
cob=(6)
cfi=(96)
cfn=(512)
calls=14 977 
* 3956420
cob=(1)
cfi=(79)
cfn=(323)
calls=1 -85 
* 199763
* 19
* 15
-5 30
+9 24
+6 12
cob=(3)
cfi=(87)
cfn=(360)
calls=3 2902 
* 442
* 3
* 18
cob=(3)
cfi=(87)
cfn=(360)
calls=6 2902 
* 624
* 6
* 54
cob=(3)
cfi=(87)
cfn=(360)
calls=27 2902 
* 2808
* 27
+2 144
-2 36
+2 36
cob=(6)
cfi=(110)
cfn=(518)
calls=35 +63 
* 168103
cob=(1)
cfi=(79)
cfn=(323)
calls=1 -97 
* 798
* 40
* 72
fi=(122) /usr/include/x86_64-linux-gnu/bits/stdio2.h
-57 36
fe=(86)
+53 81
-1 45
+10 108
cob=(6)
cfi=(103)
cfn=(524)
calls=35 378 
* 774
cob=(1)
cfi=(79)
cfn=(323)
calls=1 64 
* 787
* 40
+1 72
cob=(3)
cfi=(87)
cfn=(530)
calls=35 2934 
* 3500
cob=(1)
cfi=(79)
cfn=(323)
calls=1 64 
* 1206
* 40
+2 252
+1 108
-1 36
+1 36
cob=(6)
cfi=(103)
cfn=(536)
calls=35 408 
* 1984433
cob=(1)
cfi=(79)
cfn=(323)
calls=1 64 
* 896
* 40
-1 72
+4 180
+1 36
-1 36
cob=(6)
cfi=(103)
cfn=(542)
calls=35 338 
* 2721636
cob=(1)
cfi=(79)
cfn=(323)
calls=1 64 
* 365006
* 40
+1 144
cob=(6)
cfi=(116)
cfn=(594)
calls=35 +10 
* 114490620
cob=(1)
cfi=(79)
cfn=(323)
calls=1 64 
* 1422735
* 40
* 36
+2 324
cob=(6)
cfi=(119)
cfn=(622)
calls=35 -5 
* 38168321
cob=(1)
cfi=(79)
cfn=(323)
calls=1 64 
* 468491
* 40
* 32076
cob=(6)
cfi=(119)
cfn=(622)
calls=3564 -5 
* 3823874802
* 3564
-1 14436
+7 6
cob=(6)
cfi=(96)
cfn=(588)
calls=2 -50 
* 116
cob=(1)
cfi=(79)
cfn=(323)
calls=1 64 
* 759
* 7
+1 6
cob=(6)
cfi=(96)
cfn=(670)
calls=2 829 
* 6987
cob=(1)
cfi=(79)
cfn=(323)
calls=1 64 
* 4092
* 7
* 9
+3 9
cob=(3)
cfi=(87)
cfn=(530)
calls=3 2934 
* 456
* 3
* 36
cob=(3)
cfi=(87)
cfn=(530)
calls=12 2934 
* 4340
* 12
-1 30
+3 6
cob=(3)
cfi=(87)
cfn=(530)
calls=3 2934 
* 300
* 3
* 6
-91 12
+94 2
cob=(3)
cfi=(87)
cfn=(530)
calls=1 2934 
* 320
* 1
+1 1
+1 11

fl=(78)
fn=(726) 0x0000000000401680
0 8

fn=(722)
0 5
cfn=(726)
calls=1 0 
0 8
0 3

fn=(334) __libc_csu_init
0 15
cob=(2)
cfi=(16)
cfn=(336)
calls=1 0 
0 6
0 8
cfn=(340) 0x0000000000401720
calls=1 0 
0 16
0 11

fn=(340)
0 16

fn=(314)
0 11
cob=(1)
cfi=(79)
cfn=(322)
calls=1 64 
0 4012259828
0 5

ob=(5)
fl=(67)
fn=(734)
0 8
cob=(2)
cfi=(16)
cfn=(740)
calls=1 0 
0 57
0 1
cfn=(748) 0x0000000000000580
calls=1 0 
0 9
0 3

fn=(748)
0 9

fn=(252)
0 17

ob=(3)
fl=(76)
fn=(280)
33 3
+1 1

fl=(102)
fn=(450)
38 7245
+1 7245
+1 7245
+1 7245
+1 7245
+1 7245
+1 7245
+1 7245
+1 7245
+1 6
+1 6
+1 6
+1 6
+1 6
+1 6
+1 6
+1 6
+1 6
+1 6
+1 6
+1 6
+1 6
+1 6
+1 6
+1 6
+1 6
+1 6
+1 6
+67 7239
+1 7239
+1 7239
+1 7239
+1 7239
+1 7239
+1 7239
+1 7239
+2 57837
+1 57837
+1 57837
+1 57837
+1 57837
+1 57837
+1 57837
+1 2409
+1 2409
+1 2409
+1 2409
+1 2409
+1 2409
+1 2409
+1 2409
+4 4830
+1 4830
+1 56167070
+1 4830
+1 4830
+1 4830
+1 4830

fl=(88) /build/glibc-bfm8X4/glibc-2.23/malloc/hooks.c
fn=(362) malloc_hook_ini
29 4
fi=(89) /build/glibc-bfm8X4/glibc-2.23/malloc/arena.c
260 1
fe=(88)
30 1
fi=(89)
260 1
fe=(88)
30 1
fi=(89)
260 1
fi=(87)
2911 7
+2 3
cfn=(378) _int_malloc
calls=1 3349 
* 1038
+3 1
-3 1
+3 1
+8 4
+2 11
fe=(88)
33 4
fi=(87)
2911 6
+12 1
cfi=(89)
cfn=(366) ptmalloc_init.part.5
calls=1 258 
* 58245
* 1
-15 2
fe=(88)

fn=(432) memalign_hook_ini
46 5
fi=(89)
260 1
fe=(88)
47 1
fi=(89)
260 1
fe=(88)
47 1
fi=(89)
260 1
fi=(87)
3081 1
-11 1
+12 2
+4 2
+4 2
+28 12
+2 4
cfn=(436) _int_memalign
calls=1 4411 
* 289
+1 1
-1 1
+1 1
+8 4
+2 6
fe=(88)
50 5
fi=(87)
3095 3
+7 4
+8 5
fe=(88)

fl=(137) /build/glibc-bfm8X4/glibc-2.23/posix/../sysdeps/unix/sysv/linux/_exit.c
fn=(796) _Exit
27 2
+4 1
+2 2

fl=(104)
fn=(468)
32 1
+2 1
+1 1
+6 1
+1 1
+1 1
+1 1

fl=(51)
fn=(194)
45 1
+1 1
+1 1
+1 1
+1 1
+1 1

fn=(190)
45 1
+1 1
+1 1
+1 1
+1 1
+1 1

fl=(48)
fn=(486)
30 6
+1 3

fn=(184)
38 2
-1 2
+1 12
fi=(49) /build/glibc-bfm8X4/glibc-2.23/time/../sysdeps/generic/dl-hash.h
+10 6
+14 8
-17 6
+3 18
+14 24
-17 18
fe=(48)
-7 6
+3 4
-3 2
+3 2
cfi=(50) /build/glibc-bfm8X4/glibc-2.23/elf/../sysdeps/unix/sysv/linux/dl-vdso.c
cfn=(188) _dl_vdso_vsym
calls=2 -14 
* 12
+1 6
+1 4

fl=(99) /build/glibc-bfm8X4/glibc-2.23/misc/../sysdeps/unix/sysv/linux/wordsize-64/mmap.c
fn=(438) mmap
33 30
-1 300
+1 90
+1 300
+2 210
-3 60

fl=(53)
fn=(198)
37 1
-1 1
+1 6
fi=(49)
+11 3
+14 4
-17 3
+3 9
+14 12
-17 9
fe=(53)
-8 3
+3 2
-3 1
+3 1
cfi=(50)
cfn=(188)
calls=1 -13 
* 6
+1 3
+1 2

fl=(52)
fn=(196)
30 1
+1 1
+1 1
+1 1
+1 1
+1 1

fl=(47)
fn=(192)
129 1
+1 1
+1 1
+1 1
+10 1

fn=(182)
109 1
+1 1
+1 1
+1 1
+10 1

fl=(89)
fn=(366)
258 6
+13 1
-8 1
+8 1
+6 3
+2 5
+16 2
-56 35
-18 108
+2 70
+1 2
+1 2
340 2
+6 2
+1 2
+2 1
+1 7
-78 5
cfi=(90) /build/glibc-bfm8X4/glibc-2.23/elf/dl-addr.c
cfn=(368) _dl_addr
calls=1 126 
* 57984
* 2
+1 4

fl=(101)
fn=(448)
28 1
+1 1
+1 1
+1 1
+1 1
+2 1
+1 1
+5 1

fl=(72) /build/glibc-bfm8X4/glibc-2.23/string/../sysdeps/x86_64/strrchr.S
fn=(268) rindex
24 1
+1 1
+1 1
+1 1
+1 1
+1 1
+1 1
+1 1
+1 1
+1 1
+1 1
+1 1
+1 1
+1 1
+1 1
+1 1
+1 1
+11 1
+1 1
+1 1
+1 1
+1 1
+1 1
+1 1
+1 1
+1 1
+1 1
+1 1
+1 1
+1 1
+1 1
+1 1
+1 1
+1 1
+1 1
+1 1
+1 1
+1 1
+1 1
+1 1
+1 1
+1 1
+1 1
+1 1
+1 1
+1 1
+1 1
+1 1
+1 1
+1 1
+1 1
+1 1
+1 1
+1 1

fl=(134)
fn=(742)
31 12
+17 3
-17 12
+4 12
+4 18
-4 9
+32 12
+4 18
-4 9
+12 6
+3 3
-2 3
+2 18
-2 3
cfi=(135) /build/glibc-bfm8X4/glibc-2.23/nptl/unregister-atfork.c
cfn=(744) __unregister_atfork
calls=3 -52 
* 30

fl=(83) /build/glibc-bfm8X4/glibc-2.23/setjmp/../sysdeps/x86_64/bsd-_setjmp.S
fn=(348) _setjmp
30 1
+2 1
cfi=(84) /build/glibc-bfm8X4/glibc-2.23/setjmp/../sysdeps/x86_64/setjmp.S
cfn=(350) __sigsetjmp
calls=1 -6 
* 28

fl=(93) /build/glibc-bfm8X4/glibc-2.23/misc/sbrk.c
fn=(386) sbrk
34 3
+8 3
-8 9
+8 15
+4 6
+4 12
+12 5
-19 2
cfi=(94) /build/glibc-bfm8X4/glibc-2.23/misc/../sysdeps/unix/sysv/linux/x86_64/brk.c
cfn=(388) brk
calls=1 -12 
* 12
* 4
+15 4
cfi=(94)
cfn=(388)
calls=2 -27 
* 24
* 4
+4 10

fl=(123) /build/glibc-bfm8X4/glibc-2.23/misc/../sysdeps/unix/syscall-template.S
fn=(664) munmap
84 120
+1 30

fl=(109)
fn=(504)
26 225000
+1 225000
cfi=(106)
cfn=(506) random
calls=225000 288 
* 9667743
+1 450000

fl=(84)
fn=(350)
26 1
+9 1
+1 2
+1 1
+4 1
+1 1
+1 1
+1 1
+1 1
+2 2
+2 1
+1 1
+1 1
+2 2
+2 1
+9 1
cfi=(85) /build/glibc-bfm8X4/glibc-2.23/setjmp/sigjmp.c
cfn=(352) __sigjmp_save
calls=1 -36 
* 9

fl=(131) /build/glibc-bfm8X4/glibc-2.23/stdlib/exit.c
fn=(714) exit
104 1
-1 1
+1 2
cfn=(716) __run_exit_handlers
calls=1 -69 
* 1514

fn=(716)
35 8
+5 1
cfi=(132) /build/glibc-bfm8X4/glibc-2.23/stdlib/cxa_thread_atexit_impl.c
cfn=(718) __call_tls_dtors
calls=1 145 
* 11
* 1
+6 8
+4 6
+3 1
-1 1
+2 5
+33 1
+1 1
-1 1
+1 1
+6 2
+1 5
cfi=(136) /build/glibc-bfm8X4/glibc-2.23/libio/genops.c
cfn=(792) _IO_cleanup
calls=1 948 
* 133
* 3
+2 2
cfi=(137)
cfn=(796)
calls=1 -70 
* 5
-19 1
+4 1
-4 1
+2 1
+2 1
-2 2
+2 1
cob=(1)
cfi=(133)
cfn=(720)
calls=1 +48 
* 1309
+1 1

fl=(94)
fn=(388)
31 24
+8 3
-6 6
+7 3

fl=(105)
fn=(560)
41 3
+4 3
+1 3
+1 3
+1 3
+1 3
+1 3
+1 3
+1 3
+1 3
+1 3
+1 3
+1 3
+1 3
+1 3
+1 3
+1 3
+1 3
+1 3
+1 3
+1 3
+1 3
+1 3
+1 3
+1 3
+1 3
+1 3
+1 3
+1 3
+1 3
+1 3
+1 3
+1 3
+1 3
+1 3
+1 3
+1 3
+1 3
+1 3
+1 3
+1 3
+1 3

fn=(470)
41 20108
+4 20108
+1 20108
+1 20102
+1 20102
+1 20090
+1 20090
+1 20066
+1 20066
+1 20066
+1 20066
+1 20066
+1 20066
+1 20066
+1 20066
+1 20066
+1 20066
+1 20066
+1 20066
+1 20066
+1 20066
+1 20066
+1 20066
+1 20066
+1 20066
+1 20066
+1 20066
+1 20066
+1 20066
+1 20066
+1 20066
+1 20066
+1 20066
+1 20066
+1 20066
+1 20066
+1 20066
+1 20066
+1 20066
+1 20066
+1 20066
+1 20066
+3 24
+1 24
+23 24
+1 24
+1 12
+1 12
+1 12
+1 12
+1 12
+1 12
+1 12
+1 12
+1 12
+4 12
+1 12
+1 12
+1 12
+1 12
+4 12
+1 12
+1 12
+1 12
+1 12
+1 12
+1 12
+36 6
+1 6
+1 6
+1 6
+1 6
+1 6
+1 6
+1 6
+1 6
+1 6
+1 6
+1 6
+1 6
+1 6
+1 6
+1 6
+1 6
+1 6
+1 6
+1 6
+1 6
+1 6
+2 6
+1 6
+1 6
+1 6
+1 6
+1 6
+1 6
+1 6
+1 6
+1 6
+1 6
+1 6
-11 60
+1 60
+1 60
+1 60
+1 60
+1 60
+1 60
+1 60
+1 60
+1 60
+1 60
+1 60
+1 6
+1 6
+1 6
+1 6
+1 6
+1 6
+1 6
+1 6
+1 6
+1 6
+1 6
+1 6
+1 6
+1 6

fl=(132)
fn=(718)
145 3
+1 4
+18 4

fl=(136)
fn=(792)
948 2
+3 1
-3 2
-50 1
+50 1
+3 1
cfn=(794) _IO_flush_all_lockp
calls=1 760 
* 90
-63 1
+63 1
-63 2
+40 3
-40 9
+2 6
+2 6
+71 7

fn=(794)
760 8
+6 3
+11 2
+16 2
-17 2
-1 2
+1 3
-1 1
+1 1
+3 9
+10 6
+4 3
-2 3
+2 6
+7 3
-27 6
+31 2
+2 2
+4 9
-38 1
-6 1
+5 1
+2 2
+6 12

fl=(135)
fn=(744)
28 12
+8 3
+3 6
+82 9

fl=(85)
fn=(352)
28 1
+1 1
-1 2
+1 2
+5 3

fl=(82) /build/glibc-bfm8X4/glibc-2.23/stdlib/cxa_atexit.c
fn=(330) __cxa_atexit
57 5
-22 1
+22 1
-22 1
cfn=(332) __new_exitfn
calls=1 +38 
* 38
+2 2
+4 1
+3 1
+1 1
-4 2
+2 1
+4 1
+1 1
+11 4

fn=(332)
73 2
+6 1
-6 1
+6 1
-6 1
+6 4
+2 6
+2 3
-2 1
+10 2
-10 2
+45 1
+1 1
+3 4
+3 5
-21 1
+1 2

fl=(90)
fn=(368)
126 9
+5 1
-5 2
+5 2
cob=(1)
cfi=(2)
cfn=(50)
calls=1 704 
* 2
+2 2
cob=(1)
cfi=(79)
cfn=(323)
calls=1 -69 
* 1505
* 5
+2 2
30 1
+1 1
-1 1
+1 1
+3 2
+5 1
+6 1
-7 1
+2 2
+2 1
-2 1
+2 1
+3 1
+5 8
+2 1
+1 2
-1 1010
+1 2020
+2 3628
+9 2010
+7 24
-2 24
+2 2259
-2 2211
+2 5750
-10 11175
+2 8940
+1 14318
+7 1011
-21 2022
+49 3
+1 1
+1 3
+3 2
+37 2
cob=(1)
cfi=(2)
cfn=(52)
calls=1 710 
* 2
+3 9
-28 1
+1 1
+21 2

fl=(74)
fn=(272)
482 2
+12 1
-12 3
+12 3
+2 4
cfn=(274) handle_intel
calls=1 262 
* 455
+4 2
-4 1
+4 1
cfn=(274)
calls=1 262 
* 547
+2 1
-2 1
-1 1
+3 1
+9 2
+2 1
+1 1
+2 1
+5 2
+9 4
-9 4
+9 16
-9 12
+6 8
+69 4
+1 5
+55 2
+2 1
+1 1
+2 1
-3 1
+5 1
-5 1
+4 3
+4 2
+2 1
+1 1
+2 1
-3 1
+5 1
-5 1
+4 2
+3 1
-3 1
+3 5
532 1
+32 1
-26 6
+7 5
+2 1
+1 1
+1 2
-4 4
+2 1
+1 1
+1 6
+2 2
-6 2
+6 2
+5 1
+2 2
+1 1
-1 1
+1 3
+6 1
-1 1
+1 5

fn=(274)
262 4
-1 4
+17 2
-17 12
+14 2
+1 4
-3 6
+23 8
cfn=(276) intel_check_word
calls=2 133 
* 666
+1 4
+3 10
cfn=(276)
calls=2 133 
* 238
+1 4
-17 4
+5 2
-5 6
+5 2
+2 2
+1 2
-1 4
+27 16

fn=(276)
133 8
+6 4
-7 20
+7 16
-7 4
+7 4
+2 4
-2 4
+2 4
+68 8
+3 24
-69 4
+2 8
-2 6
+2 12
+8 20
+51 16
+22 8
fi=(75) /build/glibc-bfm8X4/glibc-2.23/string/../bits/stdlib-bsearch.h
27 8
+1 16
+3 16
+1 8
fe=(74)
+89 16
fi=(75)
-90 12
+1 6
fe=(74)
+89 12
+3 54
fi=(75)
-95 44
+2 44
-2 44
+2 80
+1 40
fe=(74)
+89 80
251 8
141 16
-6 2
256 24
fi=(75)
37 10
-8 24
fe=(74)
165 6
+3 6
+4 4
+2 4
+1 14
+2 7
-12 2
+12 2
+1 10
+1 10
+1 6
+17 3
-32 9
+3 9
+4 6
+2 6
+1 12
+2 12
+5 2
+2 4
+2 32

fl=(68)
fn=(260)
52 8
+6 3
+14 1
fi=(70) /build/glibc-bfm8X4/glibc-2.23/csu/../sysdeps/unix/sysv/linux/x86_64/init-first.c
-36 1
fe=(68)
+34 1
+1 1
fi=(70)
-35 3
fe=(68)
+36 1
fi=(70)
-36 3
fi=(69) /build/glibc-bfm8X4/glibc-2.23/csu/../sysdeps/generic/dl-hash.h
+12 3
+14 4
-17 3
+3 9
+14 12
-17 9
fi=(70)
-9 3
+2 2
-2 1
+2 2
cfi=(50)
cfn=(188)
calls=1 -11 
* 6
+1 2
+5 2
-3 2
+1 1
+2 1
cfi=(50)
cfn=(188)
calls=1 -17 
* 6
fe=(68)
+42 3
fi=(70)
-41 2
+1 1
fe=(68)
+40 1
cfi=(71) /build/glibc-bfm8X4/glibc-2.23/misc/init-misc.c
cfn=(266) __init_misc
calls=1 -55 
* 78
+8 1
cfi=(73) /build/glibc-bfm8X4/glibc-2.23/ctype/ctype-info.c
cfn=(270) __ctype_init
calls=1 -63 
* 16
+5 6
-34 1
-7 1
+7 4
fi=(70)
-25 2
fe=(68)

fl=(107) /build/glibc-bfm8X4/glibc-2.23/stdlib/random_r.c
fn=(496) random_r
357 903720
+5 225930
-2 225930
+2 451860
+9 225930
+1 225930
+1 225930
+3 451860
+3 225930
-3 225930
+2 225930
+2 225930
-2 225930
+5 225930
-3 225930
-20 218643
+31 218643
-31 218643
+34 218643
-2 437286
-32 7287
+32 7287
-1 7287
+3 14574

fn=(494) srandom_r
162 12
+8 6
+2 3
+1 6
+3 3
+2 9
+3 3
-1 3
+1 3
+5 3
+1 3
+7 3
-7 3
-1 3
+1 6
+7 36
+2 9
+1 3
-10 9
+7 1044
+2 261
+1 87
-10 261
+13 6
+1 6
-1 6
+2 3
+1 12
+3 6
-3 3
+3 3
cfn=(496)
calls=3 357 
* 78
* 1854
-3 927
+3 927
cfn=(496)
calls=927 357 
* 24072
-3 1860
+7 3
+4 15

fl=(54)
fn=(202)
0 22

fl=(81)
fn=(328)
134 7
+4 1
-4 3
+4 3
+82 1
-82 1
+82 1
+1 4
cfi=(82)
cfn=(330)
calls=1 57 
* 60
+22 4
+3 2
+1 5
cob=(7)
cfi=(78)
cfn=(334)
calls=1 0 
* 56
+4 4
+15 2
+12 2
cfi=(83)
cfn=(348)
calls=1 30 
* 30
+1 2
+5 2
+1 2
+3 2
+3 6
cob=(7)
cfi=(86)
cfn=(354)
calls=1 47 
* 4012256961
+34 2
cfi=(131)
cfn=(714)
calls=1 104 
* 1518
138 2

fl=(92) /build/glibc-bfm8X4/glibc-2.23/malloc/morecore.c
fn=(384) __default_morecore
46 3
+1 3
cfi=(93)
cfn=(386)
calls=3 -13 
* 113
+1 9
+4 6

fl=(73)
fn=(270)
31 5
+2 1
+2 1
-4 1
+4 1
-4 1
+2 3
+2 3

fl=(108) /build/glibc-bfm8X4/glibc-2.23/string/../sysdeps/x86_64/multiarch/../memset.S
fn=(498) __GI_memset
53 15
+1 15
+1 15
+1 15
+1 15
+2 15
+1 15
+17 15
+1 15
+1 15
+1 15
+1 15
+1 15
+1 15
+1 15
+1 15
+1 15
+1 15
+1 15
+1 15
+1 30
+3 15
+1 15
+1 15
+1 15
+1 15
+1 15
+1 15
-6 3487
+1 3487
+1 3487
+1 3487
+1 3487
+1 3487
+1 3487
+1 15

fl=(87)
fn=(530)
2934 92135
+5 36854
+1 36854
+6 36854
+5 18424
-2 18424
+2 36848
+16 55182
+1 36788
cfn=(452) _int_free
calls=18394 3841 
* 1946314
+1 110382
-15 90
+2 120
+2 30
+1 30
-1 30
+1 30
+1 60
2833 60
+1 30
+6 30
-7 30
+7 180
+7 30
+1 90
+5 60
cfi=(123)
cfn=(664)
calls=30 84 
* 150
2969 180

fn=(360)
2902 32826
+5 21884
+1 21884
+3 87528
+2 32823
cfn=(378)
calls=10941 3349 
* 652806
+3 10941
-3 10941
+3 10941
+8 43764
+2 120351
+3 43764
-18 65646
-2 1
+20 3
-20 1
cfi=(88)
cfn=(362)
calls=1 29 
* 59334

fn=(430)
5021 7356
+3 7356
-3 7356
+1 14712
+1 36780
-7 58848
3081 7356
5027 7356
3081 7356
+1 14712
+4 14710
+4 14710
+5 22065
+7 29420
+8 22065
+8 88260
+2 29420
cfn=(436)
calls=7355 4411 
* 3216929
+1 7355
-1 7355
+1 7355
+8 29420
+2 80760
5032 7355
+1 7355
+4 44130
-5 1
+1 1
+4 6
3083 3
cfi=(88)
cfn=(432)
calls=1 46 
* 353
5030 2
3110 14710

fn=(436)
4411 22068
-14 29424
+14 36780
-14 14712
+24 22068
cfn=(378)
calls=7356 3349 
* 2101581
+2 7356
-2 7356
+2 7356
+5 7356
-2 7356
+2 22068
+9 29235
+2 5847
+1 5847
-1 5847
+1 11694
+4 5847
-1 11694
+1 17541
+3 11694
+8 17451
+3 5817
+1 5817
-1 5817
+1 5817
-1 5817
+1 5817
cfn=(452)
calls=5817 3841 
* 430479
+3 46536
+5 29085
+15 7326
+1 43956
-57 1509
+2 1509
+39 6036
+3 7326
-1 7326
+1 14652
+4 1509
-2 1509
+1 1509
+1 6036
+3 1509
-3 3018
+2 4527
+1 1509
-1 1509
+1 1509
cfn=(452)
calls=1509 3841 
* 111666
* 1509
-28 60
+1 60
-1 30
+2 30
+32 180
-28 17451
+2 5817
+1 17451

fn=(382) sysmalloc
2268 256
+20 32
+11 32
-11 32
+11 32
+1 100
fi=(89)
488 6
fe=(87)
2315 10
+65 2
+1 6
+10 2
-9 2
+9 8
+6 8
+3 6
2723 4
+1 2
+8 8
+5 2
-3 2
+3 2
-2 2
+2 6
+1 2
-1 2
-1 2
+4 2
-3 4
+1 2
+8 288
2391 7
-90 90
+14 120
+6 60
+19 90
+15 90
+5 90
+1 110
+3 90
+1 130
+98 2
-8 8
+8 2
+21 10
cfi=(92)
cfn=(384)
calls=2 46 
* 109
* 2
+1 2
+3 8
+3 4
+1 4
+20 4
+26 4
+2 4
+6 2
-6 2
+6 4
+1 5
2321 2
2464 2
+10 10
+8 2
-8 2
+8 2
+67 7
+37 2
+6 3
+19 1
+3 2
+1 5
+2 1
-2 1
+2 1
+1 3
cfi=(92)
cfn=(384)
calls=1 46 
* 25
+12 2
+8 1
+1 1
-1 2
+1 2
+39 1
+1 1
-2 1
+1 3
+12 1
-12 1
+1 1
+11 1
2539 5
2323 210
cfi=(99)
cfn=(438)
calls=30 33 
* 990
+2 60

fn=(418)
3172 126
+15 126
-15 378
+10 126
+5 252
-15 126
+10 126
+5 252
+8 252
+1 252
+12 882
+6 126
+8 126
-7 252
+7 252
+14 378
cfn=(378)
calls=126 3349 
* 17560
+3 126
-3 126
+3 1134
+10 252
+1 504
+3 252
+6 378
+52 666
3208 756
+62 126
-3 126
+3 698
+11 34
+1 68
+1 68
-2 92
+1 184
+1 184
+2 252
+8 111
-3 111
+1 111
+1 222
+1 111
+4 39
-2 39
+1 39
+1 39
+4 6
-2 6
+1 6
+1 6
+2 3
+1 6
-18 30
+25 75
-25 15
cfi=(108)
cfn=(498)
calls=15 53 
* 24859

fn=(378)
3349 55272
-30 36848
+30 18424
-30 73696
+30 55272
-30 18424
+30 55272
+4 55272
+14 36848
+2 32913
+2 10971
-1 10971
-1 10971
+1 10971
+5 21942
+3 54030
+1 10806
-1 10806
+1 21612
+25 15236
+2 840
+1 840
+2 280
-2 280
+2 560
+2 74
+4 36
+1 72
+5 36
+1 36
+1 36
+2 108
+23 68448
+1 14676
+1 14586
cfn=(380) malloc_consolidate
calls=7293 4144 
* 993522
3819 106148
-2 7582
+2 7582
-2 7582
+2 15164
5002 7582
3817 7582
+2 7582
5004 7582
3819 7582
5004 7582
3819 22746
5004 15164
3819 30328
5002 15164
3469 15164
+66 4714
+1 7071
+1 2357
-1 4714
+51 11785
+7 2357
-6 2357
+1 2357
+1 2357
+1 2357
+3 2357
-58 109
+51 545
+7 109
-6 109
+1 109
+1 109
+1 109
+3 109
3469 30144
+3 2518
-1 2518
+1 5036
+1 5036
+3 2518
+10 5180
+34 2478
-5 2478
+1 2478
+4 2478
+13 4932
+8 442
+1 12
+1 3
+3 6
-4 424
+1 106
+3 212
3382 54030
1879 11012
3770 11012
1879 22024
3833 165816
3541 747
-54 142
+1 160
+5 40
-1 40
+5 40
-3 80
+1 40
+1 80
+1 40
+2 28
+1 28
+3 224
+2 84
+1 28
+3 28
1879 84
3503 96
+2 36
+1 12
+3 12
1879 36
3584 436
-43 7
+62 15060
+73 14860
+1 14860
+1 14860
+1 14860
+1 14860
+5 15212
+16 482
+2 964
-4 1346
+8 191
+3 382
+2 121
+2 121
-1 121
-1 363
-27 121
+27 121
-27 121
+4 22125
+3 556
-3 417
+3 520
-3 248
+3 372
3792 7360
+3 7360
-2 14720
+2 14720
+17 64
3523 12
-1 12
+1 24
1879 12
3526 12
1879 24
3605 22014
+3 7338
-3 7338
+3 22214
+3 200
+1 500
+6 200
+3 200
+1 100
-1 100
+1 1400
+3 200
3448 18
1879 128
3448 9955
3692 18
+2 12
+1 12
-1 18
+1 18
3448 7251
3692 27
+27 140
+3 140
+5 70
-3 140
+3 70
-3 70
+3 864
+3 140
+3 16
-1 16
+1 48
+12 54
+1 108
-6 54
+17 54
-6 54
+1 54
+1 54
+1 54
+3 54
+1 54
+1 108
+2 8
+1 8
+2 8
+2 8
-2 56
+2 24
+1 24
-3 146
+2 146
-2 1022
+2 438
+1 438
3448 160
3827 96
cfn=(382)
calls=32 2268 
* 3271
+1 64
-28 7328
-3 7328
+1 7328
+2 7328
-1 7328
+1 14656
+2 7328
-2 29312
+2 7328
+3 7328
1879 21984
3638 100
-4 100
+5 200
+9 100
-4 100
+1 100
+1 100
+1 100
+1 400
+79 96
3622 1200

fn=(452)
3841 231480
+13 25720
-13 25720
+13 51440
+6 102880
+1 51440
+11 102880
+13 51440
+11 73188
+1 54891
1886 18297
3921 18297
1886 36594
3923 54891
+1 36594
+4 18297
-4 18297
+1 18297
+9 128079
+9 73188
+1 63
+1 21
+2 63
-2 18276
+2 109719
4105 205760
3960 14846
+1 22269
+15 14846
+8 22269
+6 14846
+1 14846
+1 14846
1886 22269
4001 14846
+1 2238
+2 2238
-1 2238
+2 31524
+3 14846
+5 2760
+1 1995
+1 133
+11 133
-1 133
+2 266
-1 1247
-1 1247
+2 2494
+7 1380
-2 1380
+1 1380
+1 1380
+2 1320
+1 1320
+2 1320
+1 1320
+2 3960
+1 1320
+30 2640
-34 60
+1 60
+2 180
+1 60
+30 12206
+1 9666
+3 14499
3962 37115
+8 7423
-4 7423
+4 22269
-7 14846
4093 22269
+1 22269
+1 37115
3949 73146
+68 2494
-3 18
+61 4858
cfn=(380)
calls=2429 +69 
* 336609
* 2429
-21 6043
+1 18129
+1 12086
-80 37115
4079 24165

fn=(380)
4144 19444
-22 77768
+23 29163
+12 9721
5002 9721
4147 9721
+11 9721
-1 9721
5004 9721
-2 9721
+2 48605
4160 19442
+1 19442
-1 174978
+1 197082
+22 148
-1 148
+1 2024
+4 25
+4 25
-3 25
+1 25
+2 25
-4 2403
+4 2403
-3 2403
+1 2403
+2 2403
+1 35
+1 35
+3 35
+1 35
+1 35
-2 35
+12 35
-12 35
+3 70
+9 35
-12 2393
+1 2393
+1 2393
-2 2393
+12 2393
-12 2393
+3 4786
+9 2393
-41 7491
-3 7491
+3 14982
+1 7491
+1 14982
+2 14982
+1 1225
+2 1225
-1 1225
+2 21789
+3 14982
+3 4856
+4 4560
+19 10126
+4 5063
-4 5063
+1 10126
+3 20216
+3 20204
-3 4634
+3 368636
+6 77768
-42 12
4996 4
1808 3
-3 2
+3 378
-3 252
+7 3
+5 1
+2 1
-2 2
-1 3

fl=(50)
fn=(188)
27 10
+4 10
-3 10

fl=(71)
fn=(266)
31 2
-1 3
+1 4
+2 3
cfi=(72)
cfn=(268)
calls=1 -9 
* 54
+4 5
+1 3
+2 4

fl=(106)
fn=(506)
288 225000
+3 1350000
+2 675000
cfi=(107)
cfn=(496)
calls=225000 +64 
* 5842743
+2 900000
+2 225000
+1 450000

fn=(492)
209 6
+1 18
+1 9
cfi=(107)
cfn=(494)
calls=3 -49 
* 31560
+1 12
+1 6

totals: 4012417676
