version: 1
creator: callgrind-3.10.1
pid: 8934
cmd:  ./test/obj/00002_partials_calc avx2
part: 1


desc: I1 cache: 
desc: D1 cache: 
desc: LL cache: 

desc: Timerange: Basic block 0 - 692341502
desc: Trigger: Program termination

positions: line
events: Ir
summary: 12562014679


ob=(4) /lib/x86_64-linux-gnu/libm-2.19.so
fl=(118) /build/eglibc-SvCtMH/eglibc-2.19/math/../sysdeps/ieee754/dbl-64/s_expm1.c
fn=(612) expm1
136 960
+6 320
-5 320
+5 320
-5 320
+8 640
+27 640
+23 643
+6 207
+3 207
+1 207
+2 207
+5 207
-8 207
+2 414
-1 207
+2 207
-1 621
+1 207
-1 207
+3 207
-2 207
+2 207
-1 621
+1 207
+2 207
-2 207
+1 621
+1 1035
+1 207
-8 102
+1 102
+2 102
+5 102
-8 102
+2 204
-1 102
+2 102
-1 306
+1 102
-1 102
+3 102
-2 102
+2 102
-1 306
+1 102
+2 102
-2 102
+1 306
+1 510
+1 102
+4 102
+2 102
-2 204
+1 102
+1 102
+2 96
+7 144
-53 204
+13 336
+2 96
-2 48
+1 48
+1 48
+1 48
-1 48
+3 96
+1 144
-1 108
+1 162
+20 828
-37 54
+2 54
-2 54
+21 22
+1 33
-16 270
+48 96
+2 48
-2 48
+1 96
+1 48
-1 48
+1 288
+1 96
-14 216

fl=(99) /build/eglibc-SvCtMH/eglibc-2.19/math/../sysdeps/ieee754/dbl-64/e_log.c
fn=(468) __ieee754_log_avx
57 224
+19 56
+1 56
+3 56
+10 56
-11 28
+16 56
+1 28
-1 28
+1 140
+67 28
+1 28
-1 56
+1 56
-1 28
+1 28
-1 28
+1 28
+1 112
+9 28
-3 28
+3 28
+14 28
-14 56
+1 56
+3 56
+4 28
-4 28
+14 28
-10 28
-4 84
+4 28
-4 56
+1 56
+3 56
+2 28
-2 28
+2 56
+8 28
+2 28
-12 84
+10 28
+1 28
+3 28
-13 28
+10 28
+1 28
+2 56
-2 28
+1 28
-10 28
-2 28
+13 28
-1 28
-10 28
+3 140
+3 56
+5 135
+1 355
+1 50
+4 50
-4 75
+1 25
+3 150
-4 6
+4 6
-4 9
+1 3
+3 18
+51 224
-57 96
-29 15
+1 30
+29 12
+5 56
-5 90
-1 126
96 48

fl=(54) /build/eglibc-SvCtMH/eglibc-2.19/math/../sysdeps/x86_64/fpu/multiarch/s_rint.S
fn=(218) rint
25 1
cob=(3) /lib/x86_64-linux-gnu/libc-2.19.so
cfi=(43) /build/eglibc-SvCtMH/eglibc-2.19/csu/../sysdeps/x86_64/multiarch/init-arch.c
cfn=(214) __get_cpu_features
calls=1 200 
* 5
* 1
+1 1
+1 1
+1 1
+1 1
+2 1

fl=(57) /build/eglibc-SvCtMH/eglibc-2.19/math/../sysdeps/x86_64/fpu/multiarch/e_pow.c
fn=(224) __pow_finite
8 2
cob=(3)
cfi=(43)
cfn=(214)
calls=1 200 
* 5
* 1
* 5

fl=(56) /build/eglibc-SvCtMH/eglibc-2.19/math/../sysdeps/x86_64/fpu/multiarch/s_ceil.S
fn=(222) ceil
25 1
cob=(3)
cfi=(43)
cfn=(214)
calls=1 200 
* 5
* 1
+1 1
+1 1
+1 1
+1 1
+2 1

fl=(62) /build/eglibc-SvCtMH/eglibc-2.19/math/../sysdeps/x86_64/fpu/multiarch/s_floorf.S
fn=(234) floorf
25 1
cob=(3)
cfi=(43)
cfn=(214)
calls=1 200 
* 5
* 1
+1 1
+1 1
+1 1
+1 1
+2 1

fl=(50) /build/eglibc-SvCtMH/eglibc-2.19/math/../sysdeps/x86_64/fpu/multiarch/e_exp.c
fn=(200) __exp_finite
15 2
cob=(3)
cfi=(43)
cfn=(214)
calls=1 200 
* 5
cob=(1) /lib/x86_64-linux-gnu/ld-2.19.so
cfi=(51) /build/eglibc-SvCtMH/eglibc-2.19/elf/../sysdeps/x86_64/dl-trampoline.S
cfn=(208) _dl_runtime_resolve
calls=1 +19 
* 1108
* 5
* 8

fl=(53) /build/eglibc-SvCtMH/eglibc-2.19/math/../sysdeps/x86_64/fpu/multiarch/s_sin.c
fn=(244) sin
24 1
-24 1
fi=(59) ???
cob=(3)
cfi=(43)
cfn=(214)
calls=1 200 
0 5
fi=(59)
0 1
fe=(53)
0 8

fn=(216) cos
20 2
cob=(3)
cfi=(43)
cfn=(214)
calls=1 200 
* 5
* 1
* 8

fl=(59)
fn=(818) 0x0000000000005990
0 8
cob=(3)
cfi=(152) /build/eglibc-SvCtMH/eglibc-2.19/stdlib/cxa_finalize.c
cfn=(784) __cxa_finalize
calls=1 31 
0 59
cob=(1)
cfi=(51)
cfn=(208)
calls=1 34 
0 1018
0 5
0 1
cfn=(830) 0x0000000000005920
calls=1 0 
0 9
0 3

fn=(300) 0x00000000000059d0
0 16

fn=(830)
0 9

fl=(104) /build/eglibc-SvCtMH/eglibc-2.19/math/w_pow.c
fn=(490) pow
26 9
+1 9
cfi=(105) /build/eglibc-SvCtMH/eglibc-2.19/math/../sysdeps/ieee754/dbl-64/e_pow.c
cfn=(494) __ieee754_pow_sse2
calls=3 +37 
* 640
* 3
fi=(103) /build/eglibc-SvCtMH/eglibc-2.19/math/../sysdeps/ieee754/dbl-64/wordsize-64/math_private.h
+5 3
fe=(104)
-4 3
fi=(103)
+3 3
+1 3
fe=(104)
-4 12
+30 9
+15 6
-15 3

fl=(63) /build/eglibc-SvCtMH/eglibc-2.19/math/../sysdeps/x86_64/fpu/multiarch/s_floor.S
fn=(236) floor
25 1
cob=(3)
cfi=(43)
cfn=(214)
calls=1 200 
* 5
* 1
+1 1
+1 1
+1 1
+1 1
+2 1

fl=(101) /build/eglibc-SvCtMH/eglibc-2.19/math/../sysdeps/ieee754/dbl-64/e_exp.c
fn=(502) __exp1
240 4
-5 2
+6 4
+1 4
+2 6
+2 2
+19 2
+7 2
-26 4
+5 2
-5 2
+26 2
-25 2
+2 4
-2 2
+13 4
-13 2
+4 2
+9 2
-8 2
+5 2
-5 4
+2 6
+2 2
-1 2
+1 2
+6 2
+1 2
-6 2
+5 2
+1 2
-1 2
+3 2
+1 2
-4 2
+4 6
-9 2
+1 2
+7 2
-7 10
+8 2
-8 2
+7 8
+1 2
-1 2
+1 4
+1 2
-1 4
+3 8
+1 2
-1 2
+1 2
+1 6
+1 10
+1 8

fn=(480) __ieee754_exp_avx
55 64
fi=(102) /build/eglibc-SvCtMH/eglibc-2.19/math/../sysdeps/i386/fpu/fenv_private.h
429 16
+1 48
+3 16
-3 16
+3 32
fe=(101)
63 32
+1 32
+1 32
+2 48
+2 16
+19 16
-19 32
+5 16
-5 16
+1 16
+2 16
+5 16
-5 16
-2 16
+7 16
+6 32
-13 16
+4 16
+9 16
-8 48
+2 16
-2 16
+4 16
-1 16
+1 16
+4 16
+2 16
+1 16
-6 16
+1 16
+4 16
+1 16
-1 16
+3 16
+1 16
-4 16
+4 32
-9 16
+9 16
-1 48
-7 32
+7 16
-7 16
+8 16
-8 32
+8 16
-8 16
+7 16
+1 16
-1 16
+1 16
+1 16
-1 32
+3 80
+1 32
+1 32
+1 80
+2 16
fi=(102)
445 32
fe=(101)
223 64

fl=(64) /build/eglibc-SvCtMH/eglibc-2.19/math/../sysdeps/x86_64/fpu/multiarch/e_atan2.c
fn=(240) __atan2_finite
15 1
-15 1
fi=(59)
cob=(3)
cfi=(43)
cfn=(214)
calls=1 200 
0 5
fi=(59)
0 1
fe=(64)
0 8

fl=(55) /build/eglibc-SvCtMH/eglibc-2.19/math/../sysdeps/x86_64/fpu/multiarch/s_ceilf.S
fn=(220) ceilf
25 1
cob=(3)
cfi=(43)
cfn=(214)
calls=1 200 
* 5
* 1
+1 1
+1 1
+1 1
+1 1
+2 1

fl=(98) /build/eglibc-SvCtMH/eglibc-2.19/math/w_log.c
fn=(464) log
28 84
+14 28
cfi=(99)
cfn=(468)
calls=28 +15 
* 4239
* 28

fl=(61) /build/eglibc-SvCtMH/eglibc-2.19/math/../sysdeps/x86_64/fpu/multiarch/e_asin.c
fn=(232) __acos_finite
10 2
cob=(3)
cfi=(43)
cfn=(214)
calls=1 200 
* 5
* 1
* 5

fn=(238) __asin_finite
14 2
cob=(3)
cfi=(43)
cfn=(214)
calls=1 200 
* 5
* 1
* 5

fl=(105)
fn=(494)
64 15
+5 6
+1 6
+1 6
+16 6
+3 8
-2 4
fi=(102)
429 2
+1 6
+3 2
-3 2
+3 4
fe=(105)
98 30
236 4
+6 2
-16 2
+11 4
+3 2
-3 2
+3 2
+8 2
+3 2
-3 6
+3 1
-1 5
+9 8
+1 1
+1 3
+1 2
-12 4
+9 8
+1 1
+1 3
+1 2
104 2
+7 2
-7 2
+1 6
+1 2
+1 2
+1 2
-1 2
-1 2
+2 4
+1 4
+1 4
+1 14
+1 10
cfi=(101)
cfn=(502)
calls=2 240 
* 178
+1 18
fi=(102)
445 6
fe=(105)
191 12
73 12
+2 6

ob=(2) ???
fl=(14) ???
fn=(262) 0x0000000004a25560
0 6

fn=(796) 0x0000000004a257e8
0 3

fn=(296) 0x000000000524e400
0 6

fn=(308) 0x0000000004c2d7b0
0 6

fn=(816) 0x0000000004c69b9c
0 3

ob=(4)
fl=(105)
fn=(494)
75 3
+2 9
+2 6
+2 4
+2 8
-7 3
+1 3
256 1
-1 2
79 3
+1 3
264 6
81 2
280 4
+9 2
-9 6
+9 2
-9 2
+11 2
-11 6
+6 2
+5 2
-11 10
+1 2
+1 2
+1 2
+1 2
+2 4
+3 2
+2 2
-7 2
+7 2
-5 2
+3 2
+3 2
-8 2
+2 2
-1 2
+4 2
-4 2
+4 2
-3 2
+1 4
+3 2
-2 2
+2 2
-2 2
+3 18
+1 8
+2 2
-2 4
+1 2
-2 2
+2 2
+2 6

fl=(60) /build/eglibc-SvCtMH/eglibc-2.19/math/../sysdeps/x86_64/fpu/multiarch/s_rintf.S
fn=(230) rintf
25 1
cob=(3)
cfi=(43)
cfn=(214)
calls=1 200 
* 5
* 1
+1 1
+1 1
+1 1
+1 1
+2 1

fl=(100) /build/eglibc-SvCtMH/eglibc-2.19/math/../sysdeps/ieee754/dbl-64/w_exp.c
fn=(476) exp
25 32
+1 32
cfi=(101)
cfn=(480)
calls=16 +29 
* 1616
* 16
fi=(103)
+6 16
fe=(100)
-5 16
fi=(103)
+4 16
+1 16
fe=(100)
-5 80
+5 32
-5 16

ob=(2)
fl=(14)
fn=(344) 0x0000000000400ea0
0 6

ob=(4)
fl=(58) /build/eglibc-SvCtMH/eglibc-2.19/math/../sysdeps/x86_64/fpu/multiarch/e_log.c
fn=(226) __log_finite
15 1
-15 1
fi=(59)
cob=(3)
cfi=(43)
cfn=(214)
calls=1 200 
0 5
fi=(59)
0 1
fe=(58)
0 8

ob=(2)
fl=(14)
fn=(770) 0x0000000000401bf4
0 3

fn=(836) 0x00000000052bd058
0 3

ob=(7) /home/biczokrf/libpll/test/obj/00002_partials_calc
fl=(77) ???
fn=(760) 0x0000000000401560
0 5
cfn=(764) 0x00000000004014f0
calls=1 0 
0 8
0 3

fn=(342) __libc_csu_init
0 16
cob=(2)
cfi=(14)
cfn=(344)
calls=1 0 
0 6
0 7
cfn=(348) 0x0000000000401580
calls=1 0 
0 15
0 11

fn=(328) 0x00000000004014b9
0 11
cob=(3)
cfi=(78) /build/eglibc-SvCtMH/eglibc-2.19/csu/libc-start.c
cfn=(336) (below main)
calls=1 133 
0 12561850901
cob=(1)
cfi=(51)
cfn=(208)
calls=1 34 
0 1055
0 5

fn=(348)
0 15

fn=(764)
0 8

fl=(93) /home/biczokrf/libpll/test/src/common.c
fn=(396) get_attributes
27 4
+17 1
+5 2
-24 2
+9 8
-5 4
+15 11
+3 1
-20 4

fl=(83) /home/biczokrf/libpll/test/src/00002_partials_calc.c
fn=(362) main
31 8
+8 1
-8 1
+8 1
cob=(3)
cfi=(84) /build/eglibc-SvCtMH/eglibc-2.19/malloc/malloc.c
cfn=(368) malloc
calls=1 2878 
* 59045
cob=(1)
cfi=(51)
cfn=(208)
calls=1 -5 
* 925
* 5
+30 2
-28 1
+1 1
+1 1
-4 1
+5 1
+1 1
+1 1
+1 1
+1 1
+2 1
+1 1
+1 1
+1 1
+1 1
+1 1
+1 1
+1 1
+2 1
+1 1
+1 1
+1 1
+1 1
+1 1
+1 1
+1 1
+3 1
cfi=(93)
cfn=(396)
calls=1 -42 
* 37
+3 10
cob=(6) /home/biczokrf/libpll/src/.libs/libpll.so.0.0.0
cfi=(94) /home/biczokrf/libpll/src/pll.c
cfn=(402) pll_partition_create
calls=1 408 
* 37054
cob=(1)
cfi=(51)
cfn=(208)
calls=1 -38 
* 790
* 5
+12 1
-12 1
+12 1
+5 1
+4 3
-4 3
+1 2
+3 2
cob=(6)
cfi=(97) /home/biczokrf/libpll/src/gamma.c
cfn=(458) pll_compute_gamma_cats
calls=1 224 
* 13437
cob=(1)
cfi=(51)
cfn=(208)
calls=1 -59 
* 804
* 5
* 2
+5 4
cob=(6)
cfi=(106) /home/biczokrf/libpll/src/models.c
cfn=(514) pll_set_frequencies
calls=1 369 
* 974
cob=(1)
cfi=(51)
cfn=(208)
calls=1 -64 
* 759
* 5
+1 4
cob=(6)
cfi=(106)
cfn=(530) pll_set_subst_params
calls=1 392 
* 322
cob=(1)
cfi=(51)
cfn=(208)
calls=1 -65 
* 782
* 5
+7 2
+4 1
-4 1
cob=(3)
cfi=(84)
cfn=(422) calloc
calls=1 3163 
* 139
cob=(1)
cfi=(51)
cfn=(208)
calls=1 -72 
* 897
* 5
+2 1
-2 1
+2 2
cob=(8) /usr/lib/valgrind/callgrind-amd64-linux
cfi=(110) ???
cfn=(540) 0x000000003805d55d
calls=1 0 
* 3
cob=(1)
cfi=(51)
cfn=(208)
calls=1 -74 
* 931
* 5
* 1
+5 1
-5 1
cob=(3)
cfi=(111) /build/eglibc-SvCtMH/eglibc-2.19/stdlib/random.c
cfn=(548) srand
calls=1 210 
* 10537
cob=(1)
cfi=(51)
cfn=(208)
calls=1 -74 
* 874
* 5
+1 1
+2 2
+1 1
-1 1
cob=(3)
cfi=(84)
cfn=(422)
calls=1 3163 
* 1995
* 1
* 8
+1 4
-1 4
cob=(3)
cfi=(84)
cfn=(422)
calls=4 3163 
* 7490
* 4
* 20
+2 5
cob=(3)
cfi=(113) /build/eglibc-SvCtMH/eglibc-2.19/stdlib/rand.c
cfn=(558) rand
calls=5 -87 
* 234
cob=(1)
cfi=(51)
cfn=(208)
calls=1 -79 
* 868
* 9
* 74995
cob=(3)
cfi=(113)
cfn=(558)
calls=74995 -87 
* 3522347
* 74995
* 750000
-1 225000
+3 20
-5 5
+5 5
cob=(6)
cfi=(94)
cfn=(566) pll_set_tip_states
calls=5 977 
* 31230
cob=(1)
cfi=(51)
cfn=(208)
calls=1 -81 
* 760
* 9
* 5
-5 10
+9 3
+3 2
+2 1
-2 1
cob=(6)
cfi=(106)
cfn=(572) pll_set_category_rates
calls=1 378 
* 22
cob=(1)
cfi=(51)
cfn=(208)
calls=1 -88 
* 804
* 5
+2 6
cob=(6)
cfi=(106)
cfn=(578) pll_update_prob_matrices
calls=1 338 
* 427026
cob=(1)
cfi=(51)
cfn=(208)
calls=1 -90 
* 888
* 5
* 1
+2 4
cob=(6)
cfi=(119) /home/biczokrf/libpll/src/partials.c
cfn=(624) pll_update_partials
calls=1 +58 
* 126731
cob=(1)
cfi=(51)
cfn=(208)
calls=1 -92 
* 759
* 5
* 399996
cob=(6)
cfi=(119)
cfn=(624)
calls=99999 +58 
* 12534774651
* 99999
-1 200002
+4 1
fi=(148) /usr/include/x86_64-linux-gnu/bits/stdio2.h
-25 7
cob=(3)
cfi=(122) /build/eglibc-SvCtMH/eglibc-2.19/debug/printf_chk.c
cfn=(644) __printf_chk
calls=1 -78 
* 3215
cob=(1)
cfi=(51)
cfn=(208)
calls=1 -70 
* 1031
* 5
fe=(83)
+25 3
fi=(148)
-25 21
cob=(3)
cfi=(122)
cfn=(644)
calls=3 -78 
* 8189
* 3
fe=(83)
+26 16
cob=(6)
cfi=(145) /home/biczokrf/libpll/src/output.c
cfn=(712) pll_show_pmatrix
calls=4 29 
* 13385310
cob=(1)
cfi=(51)
cfn=(208)
calls=1 -96 
* 730
* 8
fi=(148)
-26 16
cob=(3)
cfi=(122)
cfn=(644)
calls=4 -78 
* 1524
* 4
fe=(83)
+24 14
fi=(148)
-24 4
cob=(3)
cfi=(122)
cfn=(644)
calls=1 -78 
* 304
* 1
fe=(83)
+32 5
cob=(6)
cfi=(145)
cfn=(728) pll_show_clv
calls=1 -76 
* 2525254
cob=(1)
cfi=(51)
cfn=(208)
calls=1 34 
* 670
* 5
fi=(148)
-32 4
cob=(3)
cfi=(122)
cfn=(644)
calls=1 -78 
* 304
* 1
fe=(83)
+34 5
cob=(6)
cfi=(145)
cfn=(728)
calls=1 -78 
* 2544733
* 1
fi=(148)
-34 4
cob=(3)
cfi=(122)
cfn=(644)
calls=1 -78 
* 304
* 1
fe=(83)
+36 5
cob=(6)
cfi=(145)
cfn=(728)
calls=1 -80 
* 2517052
* 1
+2 2
cob=(6)
cfi=(94)
cfn=(736) pll_partition_destroy
calls=1 829 
* 4967
cob=(1)
cfi=(51)
cfn=(208)
calls=1 34 
* 867
* 5
+2 2
cob=(3)
cfi=(84)
cfn=(508) free
calls=1 2919 
* 137
cob=(1)
cfi=(51)
cfn=(208)
calls=1 34 
* 919
* 5
+8 9

ob=(8)
fl=(110)
fn=(540)
0 3

ob=(1)
fl=(28) /build/eglibc-SvCtMH/eglibc-2.19/elf/dl-debug.c
fn=(86) _dl_debug_initialize
50 12
+5 10
+5 2
-1 1
+1 2
+1 2
-1 2
-9 6
+4 12
+4 1
-1 1
-58 6

fn=(88) _dl_debug_state
74 2

fl=(9) /build/eglibc-SvCtMH/eglibc-2.19/string/../sysdeps/x86_64/multiarch/../rtld-strlen.S
fn=(18) strlen
26 23
+1 23
+1 23
+1 23
+2 11
+1 11
+2 11
+1 11
-1 31
+1 31
+1 41
+1 41
+1 41
+2 44
+5 22
+1 22
+1 22
+1 22
+3 22
-6 4
+1 4
+1 4
+1 4
+3 4
+1 22
+1 22
+1 22
+2 22
+3 18
+1 18
+1 18
+1 18
+3 18
+1 12
+1 12
+1 12
+2 12
+3 11
+1 11
+1 11
+1 11
+3 11
+1 11
+1 11
+1 11
+2 11
+3 11
+1 11
+1 11
+1 11
+3 11
+1 7
+1 7
+1 7
+2 10
+3 3
+2 3
+1 3
-3 19
+2 19
+1 19
+1 21
+2 21
+1 21
+1 21
+2 21
+1 21
+1 20
+2 20
+1 20
+1 19
+2 19
+2 19
+1 19
+1 12
+2 12
+1 12
+1 12
+2 12
+1 12
+1 9
+2 9
+1 9
-1 14
+1 14

fl=(36) /build/eglibc-SvCtMH/eglibc-2.19/elf/dl-tls.c
fn=(158) _dl_determine_tlsoffset
112 7
+6 3
+3 2
+36 1
-34 1
+34 2
+2 3
-2 1
-2 1
-40 1
-1 1
-1 2
+44 12
+2 2
+3 2
-1 2
+5 4
-4 2
-1 2
+7 2
-7 2
+3 4
+2 2
+2 2
-2 4
+16 10
+2 2
+1 2
-1 4
+4 3
+6 1
-12 2
+12 1
-12 4
+15 4
+1 1
+51 1
+1 8

fn=(134) _dl_next_tls_modid
50 2
+3 6
+48 4
+4 4

fn=(248) _dl_allocate_tls_init
376 7
+1 1
-1 1
+1 1
+4 2
+3 1
-1 1
-2 1
+8 3
+5 7
+6 7
+22 4
+1 8
+2 4
+9 2
-8 2
+8 4
-8 2
+8 2
+1 2
+1 6
cfi=(24) /build/eglibc-SvCtMH/eglibc-2.19/string/../sysdeps/x86_64/memcpy.S
cfn=(66) mempcpy
calls=2 61 
* 37
* 10
cfi=(26) /build/eglibc-SvCtMH/eglibc-2.19/string/../sysdeps/x86_64/rtld-memset.S
cfn=(70) memset
calls=2 30 
* 384
* 6
-42 10
+6 4
+3 2
+1 4
+6 2
+3 2
-3 4
+3 2
-1 4
+38 2
+2 1
+1 8

fn=(160) _dl_allocate_tls_storage
328 1
+13 1
-13 2
+2 1
+11 2
cfi=(15) /build/eglibc-SvCtMH/eglibc-2.19/elf/dl-minimal.c
cfn=(40) __libc_memalign
calls=1 51 
* 51
* 1
+1 1
-1 1
+1 1
+7 1
+4 306
-58 1
+1 1
-1 1
+1 2
cfi=(15)
cfn=(32) calloc
calls=1 102 
* 43
* 1
+1 2
+9 1
-6 1
+6 1
+64 5

fn=(754) __tls_get_addr
770 1
+2 3
+3 3
+2 2
+3 1
+1 1

fn=(198) _dl_add_to_slotinfo
831 6
+9 2
-9 2
+6 4
+8 10
+41 2
+1 6
+1 8

fl=(2) /build/eglibc-SvCtMH/eglibc-2.19/elf/rtld.c
fn=(100) map_doit
640 2
+2 7
cfi=(21) /build/eglibc-SvCtMH/eglibc-2.19/elf/dl-load.c
cfn=(102) _dl_map_object
calls=1 2317 
* 2446
* 1
+2 2

fn=(148) version_check_doit
672 2
+2 4
cfi=(39) /build/eglibc-SvCtMH/eglibc-2.19/elf/dl-version.c
cfn=(150) _dl_check_all_versions
calls=1 380 
* 7014
* 2
+4 2

fn=(48) rtld_lock_default_unlock_recursive
859 14

fn=(162) security_init
866 2
+2 1
fi=(40) /build/eglibc-SvCtMH/eglibc-2.19/elf/../sysdeps/unix/sysv/linux/dl-osinfo.h
61 2
+23 2
+2 1
+7 1
fe=(2)
870 1
+7 1
fi=(40)
101 2
+11 1
fe=(2)
879 1
+7 1
-5 1
+6 3

fn=(90) handle_ld_preload
906 7
+1 1
-1 1
-75 1
+86 1
-11 1
-75 6
+80 3
fi=(29) /build/eglibc-SvCtMH/eglibc-2.19/elf/../string/bits/string2.h
+50 3
+1 5
-1 184
+1 92
+1 46
-2 46
+2 46
-2 139
+2 1
-2 3
fe=(2)
-46 3
+10 4
109 3
928 2
826 1
+5 5
-10 1
+4 1
+1 1
+1 1
+2 1
+2 1
cfi=(30) /build/eglibc-SvCtMH/eglibc-2.19/elf/dl-error.c
cfn=(94) _dl_catch_error
calls=1 163 
* 2519
+1 3
+8 3
+89 1
-18 3
+21 9
-15 4
cfi=(16) /build/eglibc-SvCtMH/eglibc-2.19/string/../sysdeps/x86_64/multiarch/../memcpy.S
cfn=(42) memcpy
calls=1 61 
* 88
* 1
+1 3

fn=(2) _dl_start
377 9
+18 4
fi=(3) /build/eglibc-SvCtMH/eglibc-2.19/elf/get-dynamic-info.h
44 1
fe=(2)
395 1
fi=(5) /build/eglibc-SvCtMH/eglibc-2.19/elf/../sysdeps/x86_64/dl-machine.h
58 3
fi=(3)
-14 1
fe=(2)
424 1
-3 1
fi=(3)
44 1
+17 2
-3 1
-7 1
+5 1
+3 1
+2 1
-3 1
-3 1
-3 2
-5 26
+15 13
-18 39
+18 1
-18 3
+2 36
+5 20
+1 16
+10 4
-18 12
+25 2
+20 4
+1 4
+1 4
+1 4
+2 4
+5 4
+1 4
+1 4
+6 3
+5 2
+7 3
+1 3
+8 3
+2 3
+3 2
+1 2
fe=(2)
552 2
+7 1
300 2
+12 2
cfi=(6) /build/eglibc-SvCtMH/eglibc-2.19/elf/dl-lookup.c
cfn=(10) _dl_setup_hash
calls=1 859 
* 25
+1 2
+1 2
+1 2
+1 2
+21 1
+10 1
-10 3
+10 1
-6 1
-4 1
+10 1
cfi=(7) /build/eglibc-SvCtMH/eglibc-2.19/elf/../elf/dl-sysdep.c
cfn=(12) _dl_sysdep_start
calls=1 86 
* 159940
* 1
+9 4
+3 1
+4 1
-4 1
+4 1
584 9
fi=(3)
53 4
+3 4
fe=(2)
557 34
fi=(4) /build/eglibc-SvCtMH/eglibc-2.19/elf/do-rel.h
84 1
+27 1
-28 1
+28 2
+1 2
fi=(5)
492 2
fi=(4)
112 18
fi=(5)
492 18
+1 20
fi=(4)
111 20
fi=(5)
493 10
fi=(4)
111 10
+5 2
+8 1
fi=(5)
287 1
fi=(4)
124 2
+13 1
+2 2
-2 1
fi=(5)
241 1
fi=(4)
137 1
fi=(5)
269 1
fi=(4)
137 2
fi=(5)
269 1
fi=(4)
137 9
+2 18
-2 9
fi=(5)
241 9
fi=(4)
137 9
fi=(5)
269 9
fi=(4)
137 18
fi=(5)
269 9
+9 20
+3 10
-3 20
+3 30
+6 60
fi=(3)
59 4
+1 1
+1 2
fe=(2)
300 73
fi=(5)
+91 10
+9 10
fi=(4)
124 31
fe=(2)

fn=(22) dl_main
939 1
+19 1
-19 9
+19 1
+3 1
2525 1
939 1
2525 1
961 1
+4 1
-26 1
+26 1
+1 2
+5 2
2518 2
+7 1
-4 1
+4 1
-5 1
+5 9
+2 2
cfi=(11) /build/eglibc-SvCtMH/eglibc-2.19/elf/dl-environ.c
cfn=(24) _dl_next_ld_env_entry
calls=1 30 
* 56
* 4
cfi=(11)
cfn=(24)
calls=2 30 
* 218
* 9
+4 48
+1 19
-1 57
+3 4
+6 16
+77 1
+1 1
-1 2
+1 3
cfi=(12) /build/eglibc-SvCtMH/eglibc-2.19/string/../string/memcmp.c
cfn=(26) bcmp
calls=1 315 
* 120
* 2
-55 4
cfi=(12)
cfn=(26)
calls=1 315 
* 26
* 2
2692 3
+33 3
981 4
1180 7
cfi=(13) /build/eglibc-SvCtMH/eglibc-2.19/elf/dl-object.c
cfn=(28) _dl_new_object
calls=1 61 
* 248
+2 1
-2 1
+2 1
+1 1
+1 1
+5 2
-5 1
+1 3
+4 1
cfi=(13)
cfn=(44) _dl_add_to_namespace_list
calls=1 32 
* 34
+1 2
948 1
1219 1
-3 1
-5 1
+1 1
+2 1
+5 6
+56 2
945 1
1275 2
-55 24
-1 27
+1 47
-1 2
1322 3
+3 2
+2 2
+2 2
+13 3
+1 8
cfi=(17) /build/eglibc-SvCtMH/eglibc-2.19/string/../sysdeps/x86_64/multiarch/../strcmp.S
cfn=(50) strcmp
calls=1 131 
* 7
* 3
+7 1
+3 1
-5 1
+3 1
+2 1
+1 2
+4 2
+2 2
fi=(3)
29 1
+9 2
+6 1
-2 1
+2 2
+7 1
+5 1
+3 1
+2 1
-3 1
-3 1
-3 14
+10 3
-18 9
+8 21
+10 21
-18 63
+18 1
-18 3
+2 50
+5 16
+2 4
+16 3
+38 3
+5 2
+7 2
+1 3
+16 3
+14 3
+18 2
fe=(2)
1365 2
cfi=(6)
cfn=(10)
calls=1 859 
* 25
+3 4
fi=(18) /build/eglibc-SvCtMH/eglibc-2.19/elf/setup-vdso.h
24 2
fe=(2)
1390 1
cfi=(19) /build/eglibc-SvCtMH/eglibc-2.19/elf/../sysdeps/unix/sysv/linux/dl-sysdep.c
cfn=(56) _dl_discover_osversion
calls=1 45 
* 93
* 8
1224 3
+1 1
+90 2
+1 2
+1 1
-6 2
+1 1
-37 2
-1 2
+1 4
-1 2
+2 4
+1 1
+3 2
+1 2
-1 2
+1 2
+1 2
+1 6
+1 2
-43 1
-2 2
+27 1
-25 1
+7 2
-10 1
+10 1
-19 3
+1 1
fi=(3)
56 4
+3 4
+1 1
+1 3
fe=(2)
2570 4
cfi=(12)
cfn=(26)
calls=1 315 
* 80
* 2
+2 3
1395 2
cfi=(21)
cfn=(60) _dl_init_paths
calls=1 714 
* 3100
+3 3
cfi=(28)
cfn=(86)
calls=1 50 
* 17
+7 1
-7 1
+2 1
+5 1
+3 3
+1 1
+3 1
-3 3
+1 2
+3 1
+5 1
-7 1
+7 1
+1 5
+4 1
+4 1
-2 4
+1 2
+1 3
+5 2
+1 6
+2 2
+1 2
+5 2
+5 3
954 1
1627 3
+3 2
+4 3
+5 2
+1 1
cfi=(28)
cfn=(88)
calls=1 74 
* 1
+5 3
+15 3
+4 3
+16 3
cfi=(23) /build/eglibc-SvCtMH/eglibc-2.19/io/../sysdeps/unix/syscall-template.S
cfn=(64) access
calls=1 81 
* 9
* 2
+77 4
+17 3
+1 1
-1 1
+1 2
-1 1
+1 5
cfi=(34) /build/eglibc-SvCtMH/eglibc-2.19/elf/dl-deps.c
cfn=(124) _dl_map_object_deps
calls=1 147 
* 20513
+1 1
+5 1
-5 3
+2 2
+3 4
+1 4
-1 2
+1 20
-1 10
+4 3
+1 3
+1 1
+2 2
+1 5
-1 6
+1 8
-1 12
1384 3
1761 1
+1 1
-1 7
+4 1
+1 1
-1 1
+2 2
+36 1
-1 2
+1 1
+2 1
+2 3
+2 1
-4 2
+5 1
-1 2
+14 2
+1 2
+1 3
+12 1
+1 1
-2 1
+2 1
-2 1
+2 1
-2 1
+2 1
-2 1
+2 1
cfi=(30)
cfn=(146) _dl_receive_error
calls=1 205 
* 7054
+10 1
+1 1
-1 1
+1 1
+1 1
cfn=(156) init_tls
calls=1 739 
* 689
* 1
+2 2
+3 1
cfn=(162)
calls=1 866 
* 20
+2 2
2087 3
+56 1
+4 1
+7 1
-11 1
+4 3
+4 2
+3 1
+8 2
+46 3
+7 1
+2 11
+2 1
+2 18
+5 12
+2 12
+8 6
-2 6
+2 12
+1 40
cfi=(41) /build/eglibc-SvCtMH/eglibc-2.19/elf/dl-reloc.c
cfn=(166) _dl_relocate_object
calls=5 154 
* 114126
+4 22
-22 16
+25 4
+2 1
+6 1
-6 1
+6 1
+5 4
+1 1
+5 2
cfi=(36)
cfn=(248)
calls=1 376 
* 550
+4 2
+14 3
+2 2
+29 1
cfi=(7)
cfn=(250) _dl_sysdep_start_cleanup
calls=1 256 
* 1
+4 3
+20 3
cfi=(28)
cfn=(86)
calls=1 50 
* 8
+1 1
+1 1
cfi=(28)
cfn=(88)
calls=1 74 
* 1
+5 1
cfi=(37) /build/eglibc-SvCtMH/eglibc-2.19/elf/dl-cache.c
cfn=(252) _dl_unload_cache
calls=1 309 
* 15
+5 8
2242 4
cfi=(36)
cfn=(198)
calls=2 831 
* 40
* 2
-12 1
+1 1
-3 2
+55 2
+15 1
+3 1
-3 1
+3 1
-3 2
+3 2
-3 1
+2 1
+1 1
cfi=(41)
cfn=(166)
calls=1 154 
* 7943
+1 4
+2 3
2095 1
947 2
1800 2
+12 3
-44 2
1666 3
+1 1
-1 2
+1 1
cfn=(90)
calls=1 906 
* 3244
* 1
+1 4
+2 3
2620 3

fn=(96) _dl_initial_error_catch_tsd
813 18

fn=(156)
739 1
-1 1
-6 1
+2 2
+4 1
+10 4
cfi=(15)
cfn=(32)
calls=1 102 
* 64
* 1
+11 1
-15 1
+3 1
+6 1
+2 1
-11 1
+15 1
+2 1
-1 1
+1 14
+2 12
+4 2
+2 2
-2 4
-5 12
+9 3
+3 1
cfi=(36)
cfn=(158)
calls=1 112 
* 110
+7 1
cfi=(36)
cfn=(160)
calls=1 328 
* 428
+1 1
-1 1
+1 1
+6 1
+8 1
-8 1
+8 6
+4 1
+2 1
+1 2

fn=(46) rtld_lock_default_lock_recursive
853 14

fl=(51)
fn=(208)
34 45
+2 45
+1 45
+1 45
+1 45
+1 45
+1 45
+1 45
+1 45
+1 45
+1 45
cfi=(52) /build/eglibc-SvCtMH/eglibc-2.19/elf/../elf/dl-runtime.c
cfn=(210) _dl_fixup
calls=45 +21 
* 38157
+1 45
+1 45
+1 45
+1 45
+1 45
+1 45
+1 45
+1 45
+1 45
+2 45

fl=(24)
fn=(66)
61 37
+4 37
+3 31
+1 31
+2 8
+1 8
+2 8
+1 8
+5 8
+1 8
-1 23
+1 23
+2 16
+1 16
+2 16
+1 16
+5 16
+1 16
-1 15
+1 15
+2 13
+1 13
+2 13
+1 13
+5 13
+1 13
-1 18
+1 18
+2 17
+1 17
+2 17
+1 34
+5 17
+1 17
-1 14
+1 16
+5 2
+1 2
+1 2
+1 2
+2 2
+2 2
+1 2
+2 2
+6 31
+4 31
+12 8
+2 8
+1 8
+26 8
+1 8
+3 8
+1 8
+1 8
+5 8
+2 8
+1 8
+1 8
+1 8
+2 8
+1 8
+1 8
+1 8
+2 8
+1 8
+2 8
+22 8
+2 8
+2 6
+7 6

fl=(32) /build/eglibc-SvCtMH/eglibc-2.19/elf/dl-misc.c
fn=(138) _dl_sysdep_read_whole_file
45 1
+7 1
-7 3
+7 1
-7 1
+1 1
-1 2
+7 1
cfi=(23)
cfn=(108) open
calls=1 +29 
* 5
+1 1
-1 1
+1 1
+2 4
cfi=(33) /build/eglibc-SvCtMH/eglibc-2.19/io/../sysdeps/unix/sysv/linux/wordsize-64/fxstat.c
cfn=(116) _fxstat
calls=1 -21 
* 10
* 2
+2 1
+3 1
-3 1
+3 1
+13 2
cfi=(23)
cfn=(122) close
calls=1 +8 
* 5
+3 7
-14 6
cfi=(25) /build/eglibc-SvCtMH/eglibc-2.19/misc/../sysdeps/unix/syscall-template.S
cfn=(68) mmap
calls=1 +19 
* 6
* 2

fn=(104) _dl_name_match_p
288 885
+1 354
cfi=(17)
cfn=(50)
calls=177 131 
* 1246
* 177
+1 177
-1 177
+3 177
+2 354
+4 177
-4 354
+1 561
cfi=(17)
cfn=(50)
calls=187 131 
* 3380
* 374
-5 10
+11 217
-1 167
+1 668

fl=(34)
fn=(124)
147 1
+1 1
-1 2
+1 1
-1 1
+1 1
-1 1
+1 2
-1 5
+1 1
-1 1
+1 2
+14 1
-2 1
+1 1
-13 1
+14 1
+6 3
+10 1
-10 1
+10 3
-14 1
-4 1
+2 1
+17 1
-17 1
-2 2
+2 1
-2 1
+2 1
-2 1
+1 1
+1 1
+6 3
+10 1
-10 1
+10 3
-16 3
+20 1
+21 1
+1 1
-22 2
+19 1
-12 1
+15 1
-16 1
+13 1
343 9
209 1
+8 1
-4 1
+4 1
-8 5
+8 5
-4 5
+4 5
+12 12
+2 4
+11 4
-5 4
-6 8
+5 4
+2 8
+1 8
+3 16
-32 4
+32 8
+50 14
+1 15
-51 416
+1 208
+6 35
cfi=(27) /build/eglibc-SvCtMH/eglibc-2.19/string/../sysdeps/x86_64/multiarch/../strchr.S
cfn=(80) index
calls=7 24 
* 209
* 14
+5 35
-3 7
+3 7
cfi=(30)
cfn=(94)
calls=7 -91 
* 17589
+2 21
+15 7
+2 14
+5 4
+6 4
-6 8
+3 4
+1 4
+1 4
+1 4
+4 20
-2 16
-57 8
-19 2
471 12
+2 12
+3 8
-1 4
cfi=(15)
cfn=(36) malloc
calls=4 93 
* 136
* 4
+2 4
-2 4
+2 4
+3 4
+1 24
cfi=(16)
cfn=(42)
calls=4 61 
* 92
+1 20
cfi=(16)
cfn=(42)
calls=4 61 
* 92
+4 4
-1 4
+5 24
+3 15
-1 6
+1 12
202 1
497 6
+1 2
+3 5
+11 3
-1 1
cfi=(15)
cfn=(36)
calls=1 93 
* 34
* 1
+3 1
-3 1
+3 1
+5 7
+1 4
+2 13
+6 15
+4 5
-10 5
+10 5
-10 11
+6 3
+4 1
-10 1
+10 1
-10 3
+13 2
+51 6
+2 3
+42 2
+1 1
-1 6
+1 1
cfi=(26)
cfn=(70)
calls=1 30 
* 18
* 1
-2 10
+13 1
-6 1
-1 1
+1 1
+6 2
-13 15
+13 5
-6 5
-1 5
+1 5
+6 15
+2 20
+1 10
-1 28
+1 19
+3 48
-1 66
+23 11
-28 22
+31 15
+3 40
cfi=(26)
cfn=(70)
calls=4 30 
* 44
* 27
217 12
+1 27
+2 4
+2 12
+2 39
652 10
cfi=(38) /build/eglibc-SvCtMH/eglibc-2.19/string/../string/memmove.c
cfn=(144) memmove
calls=1 49 
* 63
+4 2
-2 1
+2 8
+2 2
+25 2
+2 1
+1 1
-1 1
+2 3
+7 3
+3 2
+3 8
295 291
663 4
-1 1
+1 3
cfi=(38)
cfn=(144)
calls=1 49 
* 33
+2 1
+2 2
-44 7
cfi=(16)
cfn=(42)
calls=1 61 
* 47
+2 1
-38 1
+38 2

fn=(126) openaux
60 14
+7 7
-4 21
+1 7
-1 7
+1 7
-1 35
cfi=(21)
cfn=(102)
calls=7 2317 
* 17043
* 7
+5 14

fl=(7)
fn=(250)
256 1

fn=(12)
86 7
+25 1
-1 1
+1 1
-25 1
+25 120
+6 1
-3 1
+1 1
-4 1
+3 1
+3 4
+1 6
-1 3
-29 1
-1 2
+31 105
-1 82
fi=(19)
-82 2
cfi=(8) /build/eglibc-SvCtMH/eglibc-2.19/elf/../sysdeps/unix/sysv/linux/x86_64/brk.c
cfn=(14) brk
calls=1 -4 
* 12
fi=(5)
200 5
fe=(7)
+34 2
cfi=(10) /build/eglibc-SvCtMH/eglibc-2.19/elf/../misc/sbrk.c
cfn=(20) sbrk
calls=1 34 
* 17
* 3
+12 3
+3 6
cfi=(2)
cfn=(22)
calls=1 939 
* 159486
+1 1
+1 8
151 1
+1 1
+27 1
+1 1
-17 1
+1 1
-7 1
+1 1
-4 1
+1 1
-25 1
+1 1
-4 1
+1 1
-7 1
+1 1
+2 1
+1 1
232 1
cfi=(9)
cfn=(18)
calls=1 26 
* 35
* 2

fl=(17)
fn=(50)
131 569
+1 569
+1 569
+1 287
+1 287
+1 287
+1 287
cfn=(51) strcmp'2
calls=287 -6 
* 17598
+5 282
+1 282
+1 282
+1 282

fn=(51)
131 2456
+1 2456
+1 2456
+1 2372
+1 2372
+1 2372
+1 2372
cfn=(51)
calls=2169 -6 
* 96567
+2 203
+1 203
+2 84
+1 84
+1 84
+1 84

fl=(25)
fn=(68)
81 70
+1 14

fn=(118) mprotect
81 40
+1 10

fn=(254) munmap
81 4
+1 1

fl=(52)
fn=(210)
66 90
+6 90
-6 135
+3 45
-1 45
+1 45
+3 45
+1 45
-1 90
+1 225
+1 45
-1 45
+1 90
+5 90
+4 90
+4 135
+4 88
+1 176
+2 176
+7 135
-1 45
+8 90
+3 405
cfi=(6)
cfn=(172) _dl_lookup_symbol_x
calls=45 714 
* 34333
* 45
+4 135
+4 180
+6 270
+16 45
-8 45
+8 135
+4 135
fi=(5)
+65 45
fe=(52)
-61 225
-64 2
fi=(107) /build/eglibc-SvCtMH/eglibc-2.19/elf/../sysdeps/x86_64/dl-irel.h
-53 3
cob=(3)
cfi=(48) /build/eglibc-SvCtMH/eglibc-2.19/string/../sysdeps/x86_64/multiarch/memmove.c
cfn=(194) memcpy@GLIBC_2.2.5
calls=1 +17 
* 13
cob=(3)
cfi=(44) /build/eglibc-SvCtMH/eglibc-2.19/time/../sysdeps/unix/sysv/linux/x86_64/time.c
cfn=(182) time
calls=1 +5 
* 68
cob=(3)
cfi=(108) /build/eglibc-SvCtMH/eglibc-2.19/string/../sysdeps/x86_64/multiarch/memcpy.S
cfn=(522) memcpy@@GLIBC_2.14
calls=1 * 
* 7
* 6
fe=(52)

fl=(30)
fn=(146)
205 10
+1 1
cfi=(2)
cfn=(96)
calls=1 813 
* 2
+5 1
-1 1
-4 1
+9 1
+2 1
-3 1
+3 1
cfi=(2)
cfn=(148)
calls=1 672 
* 7024
+2 1
+1 1
+1 8

fn=(94)
163 16
+15 8
-3 16
+1 16
-13 16
+14 16
+1 8
+2 8
cfi=(2)
cfn=(96)
calls=8 813 
* 16
+2 8
-1 8
+4 8
-5 8
+2 8
+3 8
-4 8
+4 8
cfi=(31) /build/eglibc-SvCtMH/eglibc-2.19/setjmp/../sysdeps/x86_64/setjmp.S
cfn=(98) __sigsetjmp
calls=8 26 
* 152
* 24
+2 24
cfi=(34)
cfn=(126)
calls=7 60 
* 17162
cfi=(2)
cfn=(100)
calls=1 640 
* 2458
+1 16
+2 8
+1 8
-3 8
+1 16
+1 8
+1 8
+8 32

fl=(37)
fn=(136) _dl_load_cache_lookup
182 16
+8 4
+3 6
+45 4
+6 6
+9 2
+6 4
-6 6
+6 2
cfi=(23)
cfn=(64)
calls=2 81 
* 18
* 2
+4 2
-10 2
+10 6
+15 311
cfn=(140) _dl_cache_libcmp
calls=19 138 
* 1346
* 91
-82 4
cfi=(32)
cfn=(138)
calls=1 45 
* 67
+8 1
-8 1
+8 4
+1 4
cfi=(12)
cfn=(26)
calls=1 315 
* 112
* 2
+7 1
-3 1
+3 3
+3 1
+1 2
-1 1
+1 1
+1 3
cfi=(12)
cfn=(26)
calls=1 +98 
* 113
* 2
+2 2
+59 26
cfn=(140)
calls=2 138 
* 144
* 8
-14 8
+14 2
-14 4
-1 6
+15 42
+16 4
+5 18
-21 6

fn=(140)
138 63
+1 46
+2 202
+2 101
-2 101
+2 4
+6 2
+2 2
-1 2
-1 2
+1 2
-1 2
+2 6
+2 10
+2 4
+6 198
+2 358
+4 80
+1 80
-29 160
+32 4
+1 4
-8 19
+8 38

fn=(252)
309 4
-1 1
+3 2
cfi=(25)
cfn=(254)
calls=1 81 
* 5
+1 1
+2 2

fl=(38)
fn=(144)
49 4
+6 4
-6 4
+6 4
-6 12
+6 8
+8 16
+16 4
+6 116
+31 20

fl=(13)
fn=(44)
32 10
+2 5
-2 15
+2 5
cfi=(2)
cfn=(46)
calls=5 853 
* 10
+2 36
+4 10
-1 42
+2 4
+2 4
+4 4
+4 4
-4 8
+1 8
+1 8
+2 4
+1 12
-1 4
cfi=(2)
cfn=(48)
calls=4 859 
* 8
-4 1
+4 1
-4 2
+1 2
+1 2
+2 1
+1 3
-1 1
cfi=(2)
cfn=(48)
calls=1 859 
* 2
-5 2

fn=(28)
61 70
+1 5
cfi=(9)
cfn=(18)
calls=5 -36 
* 269
+6 5
-6 20
+6 55
+7 20
cfi=(15)
cfn=(32)
calls=5 +27 
* 241
* 5
+3 5
-3 5
+3 5
+4 5
+5 10
-6 5
+6 5
-5 5
+4 10
+1 5
cfi=(16)
cfn=(42)
calls=5 -26 
* 133
* 5
+10 10
-8 5
+9 5
-1 10
+1 10
-1 5
+1 10
+3 5
-3 5
+3 5
+9 5
-7 5
+4 5
+3 10
+2 2
-2 2
+2 30
-2 30
+12 5
+6 5
-5 5
-1 5
+6 15
-2 5
+2 10
+2 12
+3 11
+5 1
-1 15
+4 12
+2 1
+6 1
+3 2
+3 5
-3 8
+3 20
+2 4
+4 4
-4 4
cfi=(9)
cfn=(18)
calls=4 26 
* 277
* 8
+4 4
-4 4
+4 12
+64 8
+4 40
-88 12
-39 11
+39 3
+70 12
cfi=(24)
cfn=(66)
calls=4 61 
* 142
* 4
+5 62
+1 62
-1 62
+1 66
-1 4
+1 12
+5 8
-57 8
cfi=(15)
cfn=(36)
calls=4 -72 
* 136
* 4
+1 4
-1 4
+1 12

fl=(33)
fn=(116)
34 5
-1 5
+1 5
+1 30
+4 5

fl=(20) /build/eglibc-SvCtMH/eglibc-2.19/posix/../sysdeps/unix/syscall-template.S
fn=(58) uname
81 4
+1 1

fl=(19)
fn=(56)
45 7
+2 3
+85 8
-45 3
cfi=(20)
cfn=(58)
calls=1 -6 
* 5
* 1
+15 1
-15 1
+20 1
-1 1
+3 12
+4 3
-2 6
+2 10
+2 1
+1 2
-3 4
+7 3
-1 3
+4 3
-2 3
+2 10
+5 2

fl=(27)
fn=(80)
24 15
+1 15
+1 15
+1 15
+1 15
+1 15
+1 15
+1 15
+1 15
+1 15
+1 15
+1 15
+1 15
+1 15
+1 15
+1 15
+1 15
+1 11
+4 11
+1 11
+1 11
+1 11
+2 11
+4 4
+1 4
+1 4
+1 4
+1 4
+1 4
+1 4
+1 4
+1 4
+1 4
+1 4
+1 4
+1 4
+1 4
+1 4
+1 4
+1 4
+1 4
+1 4
+1 4
+1 4
+1 4
+1 4
+1 4
+52 4
+4 4
+1 4
+1 4
+1 4
+2 4

fl=(11)
fn=(24)
30 3
+3 11
+2 74
+11 35
-13 105
-2 1
+19 1
-14 36
+5 2
-3 2
+3 2
+2 2

fl=(15)
fn=(32)
102 12
+7 36
-3 12
+3 24
+4 12
cfn=(36)
calls=12 -20 
* 455
* 12

fn=(36)
93 35
+1 70
cfn=(40)
calls=35 -43 
* 1118
* 35

fn=(76) strsep
338 8
+2 4
+1 8
+4 100
+7 177
-2 118
+10 45
-15 137
+18 2
+4 4

fn=(40)
51 144
+1 178
+11 35
+1 35
-1 35
+3 35
-3 35
+3 70
-3 1
+1 1
-1 1
+3 1
-3 1
+3 130
+4 16
+1 12
+6 28
cfi=(25)
cfn=(68)
calls=4 +4 
* 24
+2 20
+4 12
+3 4
+1 4
+2 20
-3 32
+1 32
+2 256
-31 3
+1 1
-2 3

fn=(84) free
121 3
-2 6
+2 3
+7 6

fl=(26)
fn=(70)
30 20
+1 20
+1 20
+1 3288
+1 20
+1 20

fl=(39)
fn=(150)
380 6
+4 4
-2 2
+4 42
cfn=(152) _dl_check_map_versions
calls=6 174 
* 6911
-2 6
+2 18
-1 6
-1 12
+5 7

fn=(152)
174 54
+15 6
-15 12
+15 12
+2 6
+3 6
-3 6
+2 6
+1 6
+2 6
-3 6
+3 6
+3 16
+4 24
+17 4
56 4
220 4
56 4
220 4
56 20
220 2
56 2
220 2
56 2
220 2
56 10
+1 23
-1 46
+2 87
cfi=(32)
cfn=(104)
calls=29 288 
* 1892
* 64
228 18
+5 42
+19 8
-15 178
cfn=(154) match_symbol
calls=3 76 
* 572
* 33
cfn=(154)
calls=11 76 
* 1976
* 14
+7 56
+3 48
+9 24
+5 2
+1 2
-79 2
-8 2
+95 18
+3 9
+10 30
-7 120
+3 90
-3 12
+3 9
+8 6
+86 6
-86 6
+87 8
-81 20
cfi=(15)
cfn=(32)
calls=5 102 
* 215
* 5
+1 5
-2 5
+2 5
+11 5
-3 5
+3 10
+2 15
+3 16
+4 18
+18 8
-15 24
+2 24
-2 18
+2 18
+2 14
+1 14
-1 28
+1 14
-1 14
+1 14
+1 14
-2 14
+2 28
+1 42
+3 42
+8 18
+5 2
+1 2
+4 15
+3 12
+20 30
-14 30
-2 30
+2 33
-2 3
+2 3
+4 30
+2 30
-1 60
+1 30
-1 90
+1 30
+1 30
+3 99
+10 5
-1 5
+1 35

fn=(154)
76 154
+9 14
-8 14
-1 28
+1 14
+8 14
+6 42
+15 14
+1 28
+2 14
+5 28
+14 224
+12 294
+4 98
-30 196
+16 14
+3 56
cfi=(17)
cfn=(50)
calls=14 -2 
* 1162
* 28
+35 112

fl=(12)
fn=(26)
315 19
+3 19
-3 95
+4 19
-4 19
+7 38
+4 21
+2 1
+1 1
+1 1
+1 1
+2 2
-5 2
+1 2
+1 2
+1 2
+2 4
+2 3
-9 9
+16 7
+1 14
-1 14
129 28
-18 12
346 8
+4 3
+2 3
-2 6
+1 3
+5 30
+2 13
+1 13
+1 13
+3 141
-3 79
-2 79
+1 79
+4 158
-7 182
+12 14
+1 152
228 3
-7 3
+1 3
+4 3
+2 3
-6 3
+4 3
+2 15
-95 4
+1 4
+1 4
+1 4
+1 4
+48 4
-2 4
+1 4
+1 28
-80 4
+1 8
+4 8
-5 16
+1 32
+4 36
234 3
+2 3
-4 3
+1 3
+4 3
-2 3
+56 6
-2 3
+2 6
-1 3
+1 6
+1 6
+12 18
+1 6
-6 6

fl=(1) ???
fn=(0) 0x0000000000001260
0 2
cfi=(2)
cfn=(2)
calls=1 377 
0 160789
0 14
cfi=(65) /build/eglibc-SvCtMH/eglibc-2.19/elf/dl-init.c
cfn=(258) _dl_init
calls=1 86 
0 1899
0 3
cob=(7)
cfi=(77)
cfn=(328)
calls=1 0 
0 12561851972

fl=(151) /build/eglibc-SvCtMH/eglibc-2.19/elf/dl-fini.c
fn=(758) _dl_sort_fini
32 9
+2 1
-2 4
+2 1
+6 1
-1 2
+2 1
-1 1
-1 2
+1 4
+1 1
cfi=(26)
cfn=(70)
calls=1 -11 
* 18
* 1
+15 8
+62 5
+3 36
cfi=(26)
cfn=(70)
calls=4 -91 
* 44
* 16
-75 8
-1 12
+1 4
+4 12
+71 2
-75 4
-1 6
+1 2
+4 18
+6 6
+1 6
-1 6
+1 11
+2 20
+1 10
-1 28
+1 19
+3 48
-1 66
+31 33
+21 11
-57 22
+61 21
+7 9
-57 11
cfi=(38)
cfn=(144)
calls=1 -19 
* 63
+2 1
+2 8
+8 6
+7 9
cfi=(38)
cfn=(144)
calls=1 -38 
* 33
+1 1
+2 2
-2 1
+2 1

fn=(756) _dl_fini
131 3
+12 1
-12 5
+19 1
-6 1
+9 10
+3 2
cfi=(2)
cfn=(46)
calls=1 853 
* 2
+3 2
+3 2
+2 6
+7 1
+4 1
-4 1
+4 3
+2 2
+3 9
+3 2
+10 12
+2 12
+2 6
+2 6
-2 12
+6 6
-5 6
-7 18
+14 2
+5 6
cfn=(758)
calls=1 32 
* 675
+9 2
cfi=(2)
cfn=(48)
calls=1 859 
* 2
+4 4
+2 1
+2 3
-2 5
+2 15
+3 12
+3 18
+4 8
+7 8
+4 4
+1 4
-1 4
+2 8
+1 12
+1 8
cob=(4)
cfi=(59)
cfn=(818)
calls=1 0 
* 1103
cob=(6)
cfi=(76) ???
cfn=(798) 0x0000000000007760
calls=1 0 
* 1103
cob=(5) /usr/lib/valgrind/vgpreload_core-amd64-linux.so
cfi=(66) ???
cfn=(772) 0x0000000000000630
calls=1 0 
* 816
cob=(7)
cfi=(77)
cfn=(760)
calls=1 0 
* 16
-1 12
+5 12
+1 12
cob=(2)
cfi=(14)
cfn=(836)
calls=1 0 
* 3
cob=(2)
cfi=(14)
cfn=(816)
calls=1 0 
* 3
cob=(2)
cfi=(14)
cfn=(796)
calls=1 0 
* 3
cob=(2)
cfi=(14)
cfn=(770)
calls=1 0 
* 3
+5 36
+16 12
-55 13
-70 2
283 6
-49 4
+55 2
+7 8

fl=(8)
fn=(14)
31 1
-3 1
+3 6
+8 1
-6 2
+7 1

fl=(10)
fn=(20)
34 4
+8 6
+4 2
+11 5

fl=(21)
fn=(74) fillin_rpath
486 16
+2 2
-2 18
+5 2
cfi=(15)
cfn=(76)
calls=2 338 
* 591
* 6
+4 8
cfn=(78) expand_dynamic_string_token
calls=2 -80 
* 364
+2 2
-2 2
+2 2
cfi=(9)
cfn=(18)
calls=2 26 
* 107
+4 2
-4 2
+4 2
+7 12
+34 6
cfi=(9)
cfn=(18)
calls=1 26 
* 16
* 2
+4 3
+1 3
-1 1
+1 1
-2 1
cfi=(15)
cfn=(36)
calls=1 93 
* 34
* 1
+1 3
+1 3
-1 1
+1 1
-2 1
cfi=(15)
cfn=(36)
calls=1 93 
* 34
* 1
+3 2
-3 2
+3 6
+5 2
+1 6
-2 2
+2 2
cfi=(24)
cfn=(66)
calls=2 61 
* 57
+3 2
-3 2
+3 2
-2 2
+2 2
+1 1
+5 4
+1 2
-1 4
+1 26
+1 20
+3 2
-1 4
+1 2
+2 1
-1 2
+1 2
-1 1
cfi=(16)
cfn=(42)
calls=1 61 
* 18
* 1
+6 1
+1 1
-1 1
+4 3
+2 2
cfi=(15)
cfn=(84)
calls=1 121 
* 6
* 1
-6 1
+1 1
-1 1
+4 3
+2 2
cfi=(15)
cfn=(84)
calls=1 121 
* 6
* 1
* 4
-90 2
cfi=(15)
cfn=(76)
calls=2 338 
* 12
* 4
+94 2
+3 18
-65 39
+1 18
-16 4
+5 4
+3 10
+26 2
+31 2

fn=(106) open_verify
1873 10
+36 1
-36 2
+36 2
+21 4
cfi=(23)
cfn=(108)
calls=1 81 
* 5
+1 1
-1 1
+1 1
+10 1
+1 2
+5 6
cfi=(23)
cfn=(110) read
calls=1 81 
* 5
+2 2
+2 1
+2 1
-2 2
+2 1
+6 2
+16 5
cfi=(12)
cfn=(26)
calls=1 315 
* 88
* 2
+2 1
-2 2
+4 4
cfi=(12)
cfn=(26)
calls=1 315 
* 80
-4 2
+75 2
+5 2
+3 4
+5 2
+7 1
+1 1
-1 4
+1 3
+1 1
+15 61
+2 19
+4 4
+1 2
+13 1
+1 1
+2 1
-3 1
+1 1
-1 1
+1 1
-2 1
+4 2
-7 4
cfi=(12)
cfn=(26)
calls=1 315 
* 80
* 2
-97 3
2154 8

fn=(72) decompose_rpath
595 11
+12 1
-10 1
+10 2
161 2
cfi=(9)
cfn=(18)
calls=1 26 
* 78
* 1
+1 2
cfi=(15)
cfn=(36)
calls=1 -69 
* 34
* 1
+2 2
+3 4
cfi=(16)
cfn=(42)
calls=1 61 
* 69
639 1
167 1
639 1
+7 6
+11 3
-2 4
+2 90
-2 120
+6 2
cfi=(15)
cfn=(36)
calls=1 93 
* 34
* 1
+2 1
-2 1
+2 1
+8 8
cfn=(74)
calls=1 486 
* 894
+4 2
cfi=(15)
cfn=(84)
calls=1 121 
* 6
* 1
+4 1
-2 1
+4 6
-1 1
+1 2

fn=(112) _dl_map_object_from_fd
923 48
+11 4
-11 4
+11 4
-11 8
+11 4
cfi=(28)
cfn=(86)
calls=4 50 
* 32
+4 12
-4 4
+4 4
cfi=(33)
cfn=(116)
calls=4 34 
* 40
* 8
+11 28
+1 12
-1 42
+1 56
+17 8
+25 8
+10 8
+22 16
+32 8
935 4
1059 28
cfi=(13)
cfn=(28)
calls=4 61 
* 1930
+1 4
-1 4
+1 4
+11 8
+5 4
-5 4
+1 8
+1 4
+2 4
-2 4
+2 16
+1 12
+1 4
+24 8
+8 4
-8 36
+8 4
-8 4
+8 4
+89 4
-95 4
-1 4
+96 4
1092 4
1198 8
+8 20
-96 64
-1 272
+1 208
+6 8
+1 12
+1 4
+3 4
+1 2
+5 40
+6 16
+1 8
-1 32
+8 8
+2 16
-2 8
+1 8
+4 8
-5 16
+1 16
+1 8
+1 8
+3 8
+4 8
-9 8
+2 8
+1 8
+1 8
+1 8
+4 8
+1 12
+5 8
-16 4
+16 20
+10 4
-10 8
-16 4
+16 20
+10 4
+3 6
+5 2
-1 2
+3 2
-1 2
-1 2
+1 2
+3 6
+1 4
+3 4
+4 8
+6 2
cfi=(36)
cfn=(134)
calls=2 50 
* 16
* 4
+1 2
+60 8
+1 12
+1 4
-6 8
+1 16
+8 12
+13 32
+2 8
+14 4
+5 24
cfi=(25)
cfn=(68)
calls=4 81 
* 24
+4 4
-4 4
+4 4
+7 4
+1 4
-1 4
+1 4
+2 4
-3 4
+1 4
+2 4
+10 4
+2 4
+33 24
+1 12
+2 16
+8 32
+6 4
+2 4
-2 4
+1 4
+2 4
-1 4
+1 4
-1 12
+8 8
+3 8
+11 28
cfi=(26)
cfn=(70)
calls=4 30 
* 2792
+1 20
+5 8
+15 8
-74 40
+2 16
+2 32
cfi=(25)
cfn=(68)
calls=4 81 
* 24
* 8
-30 4
-1 20
cfi=(25)
cfn=(118)
calls=4 81 
* 20
* 4
1072 4
1418 16
+9 8
fi=(3)
38 4
fe=(21)
1427 4
fi=(3)
38 4
+6 4
-2 4
+2 8
+7 4
+5 4
+3 4
-1 4
-3 4
-3 80
+10 18
-18 54
+8 77
+10 77
-18 231
+18 4
-18 12
+2 198
+5 88
+2 16
+16 8
+20 14
+1 16
+1 16
+1 16
+2 16
+5 16
+1 15
+1 16
+6 12
+5 8
+7 8
+1 12
+16 12
+5 2
+2 2
-2 2
+2 2
+2 4
+2 4
+3 12
+10 1
-8 2
+9 2
-1 1
+5 2
+3 8
fe=(21)
1433 8
+16 12
+19 8
+2 20
+55 12
+1 4
+3 4
cfi=(23)
cfn=(122)
calls=2 81 
* 10
* 4
cfi=(23)
cfn=(122)
calls=2 81 
* 10
* 8
+8 20
+3 12
+2 4
-2 4
+2 4
+16 8
cfi=(6)
cfn=(10)
calls=4 859 
* 100
+4 8
+1 8
+17 8
+1 1
+3 1
+5 1
-5 1
+1 2
+4 1
-5 3
+5 3
-5 3
+1 6
+4 3
+10 12
cfi=(13)
cfn=(44)
calls=4 32 
* 184
+4 16
+20 32
fi=(3)
56 16
+3 16
+1 4
+1 16
fe=(21)
1356 10
+2 2
-1 6
+1 4
-1 2
+1 4
-1 4
+3 8
+43 8
cfi=(25)
cfn=(68)
calls=1 81 
* 6
+3 2
1537 8
474 6

fn=(60)
714 1
+13 2
-13 8
+13 3
cfi=(22) /build/eglibc-SvCtMH/eglibc-2.19/elf/dl-hwcaps.c
cfn=(62) _dl_important_hwcaps
calls=1 39 
* 351
+5 1
-5 1
+5 1
cfi=(15)
cfn=(36)
calls=1 93 
* 34
* 1
+1 1
-1 1
-1 1
+2 1
+8 1
-1 1
+1 4
-1 4
+5 2
cfi=(15)
cfn=(36)
calls=1 93 
* 55
* 1
+2 1
-3 1
+3 2
+29 1
-12 1
-10 1
+11 1
+3 2
+8 1
-12 1
+3 2
-14 1
+9 1
+5 3
+9 2
-7 27
cfi=(26)
cfn=(70)
calls=4 30 
* 88
+7 16
-12 3
+12 6
-14 3
+3 6
-1 3
+3 3
-5 3
+6 12
+4 3
-3 3
+3 6
-3 3
-7 6
+25 1
-11 1
+6 1
+1 1
+5 2
+2 4
+2 3
+38 4
+8 3
cfi=(27)
cfn=(80)
calls=1 24 
* 23
* 2
+2 2
cfi=(9)
cfn=(18)
calls=1 26 
* 54
* 8
cfi=(16)
cfn=(42)
calls=1 61 
* 31
* 1
+17 3
-1 2
+3 1
+1 3
+1 1
-4 3
+2 13
+1 39
+1 13
-4 40
+8 1
cfi=(15)
cfn=(36)
calls=1 93 
* 34
* 1
+1 1
-2 1
+2 1
+6 8
cfn=(74)
calls=1 486 
* 686
+4 3
+6 1
+4 8
-75 1
-2 1
+2 2
+5 1
+1 1
-2 2
+2 1
-2 2
cfn=(72)
calls=1 595 
* 1396
+7 2

fn=(130) open_verify.constprop.6
1871 130
+38 13
-38 13
+38 26
+21 52
cfi=(23)
cfn=(108)
calls=13 81 
* 105
+1 13
-1 13
+1 13
+10 3
+1 6
+5 18
cfi=(23)
cfn=(110)
calls=3 81 
* 15
+2 6
+2 3
+2 3
-2 6
+2 3
+6 6
+16 15
cfi=(12)
cfn=(26)
calls=3 315 
* 264
* 6
+2 3
-2 6
+4 12
cfi=(12)
cfn=(26)
calls=3 315 
* 240
-4 6
+75 6
+5 6
+3 12
+5 6
+7 3
+1 3
-1 15
+1 9
+1 3
-2 3
+17 159
+2 55
+4 12
+1 6
+13 3
+1 3
+2 3
-3 3
+1 3
-1 3
+1 3
-2 3
+4 6
+5 2
+1 2
-13 8
cfi=(12)
cfn=(26)
calls=2 315 
* 146
* 12
cfi=(12)
cfn=(26)
calls=3 315 
* 240
* 10
+16 4
+6 2
-3 2
+1 2
+1 2
+1 4
+1 8
-4 2
+1 2
+1 2
-1 6
-1 2
+4 4
+5 10
+23 96
2005 2
+82 1
+67 8

fn=(142) cache_rpath.part.5
686 2
+11 2
-11 16
+11 6
+3 2
+8 16

fn=(102)
2317 64
+7 8
-7 16
+7 8
+1 16
+3 72
+12 48
-12 72
+5 84
+1 56
+2 84
cfi=(32)
cfn=(104)
calls=28 288 
* 1824
* 60
2607 64
2362 8
+10 24
+26 8
-2 4
+2 4
cfi=(27)
cfn=(80)
calls=4 24 
* 92
* 8
2538 6
cfn=(78)
calls=1 415 
* 239
+1 1
-3 1
+4 1
-1 2
+4 6
cfn=(106)
calls=1 1873 
* 447
+3 1
-3 1
+3 1
+12 16
+2 8
+44 4
+1 32
-1 4
+1 12
cfn=(112)
calls=4 923 
* 8681
* 4
2402 6
cfi=(9)
cfn=(18)
calls=3 26 
* 178
* 3
+2 3
-2 3
+2 3
+7 12
+36 24
cfn=(128) open_path
calls=2 2168 
* 965
* 6
+6 12
691 2
2454 2
691 4
+3 2
2530 6
-95 8
+11 11
cfn=(142)
calls=1 686 
* 22
+8 2
+2 4
+6 8
+2 6
+4 4
cfi=(37)
cfn=(136)
calls=2 182 
* 2421
+2 2
-2 2
+2 2
+4 6
+8 4
+22 18
cfn=(130)
calls=2 1871 
* 1058
+3 6
161 6
cfi=(9)
cfn=(18)
calls=2 26 
* 159
* 2
+1 4
cfi=(15)
cfn=(36)
calls=2 -69 
* 68
* 2
+2 6
+3 8
cfi=(16)
cfn=(42)
calls=2 61 
* 151
2510 2
-1 2
+1 4
-95 3
+8 9
-7 9
-1 3
+8 54
cfn=(128)
calls=3 2168 
* 1645
+4 6
+3 6
-10 9
691 4
2421 4
691 8
+3 14
cfn=(142)
calls=1 -8 
* 22
2421 7
-80 72
+3 11
+2 11
-1 22
+1 11
cfi=(17)
cfn=(50)
calls=11 131 
* 217
* 22

fn=(78)
415 24
+10 9
cfi=(27)
cfn=(80)
calls=3 24 
* 117
* 6
161 6
cfi=(9)
cfn=(18)
calls=3 26 
* 188
* 3
+1 6
cfi=(15)
cfn=(36)
calls=3 -69 
* 102
* 3
+2 6
+3 9
440 15
167 3
cfi=(16)
cfn=(42)
calls=3 61 
* 106

fn=(128)
2168 40
+1 5
-1 25
+7 5
-7 5
+1 5
+6 5
+5 10
-7 5
+7 5
-8 5
+8 15
+74 5
-74 5
+74 5
-22 10
-52 5
+52 15
-40 5
-9 5
+9 5
+7 20
cfi=(24)
cfn=(66)
calls=5 61 
* 140
+1 5
-1 5
+1 15
-13 10
+33 16
+1 1
+23 1
+2 3
-46 56
+3 40
+4 88
cfi=(24)
cfn=(66)
calls=11 61 
* 212
* 44
cfi=(24)
cfn=(66)
calls=11 61 
* 253
* 11
+3 11
+3 22
+3 66
cfn=(130)
calls=11 1871 
* 848
* 11
+2 33
+26 12
+2 9
-21 14
+1 63
+6 14
+2 21
-2 7
+2 7
cfi=(35) /build/eglibc-SvCtMH/eglibc-2.19/io/../sysdeps/unix/sysv/linux/wordsize-64/xstat.c
cfn=(132) _xstat
calls=7 34 
* 88
* 14
+1 1
+2 1
-2 1
+2 8
+7 2
-44 2
+37 12
+7 12
-44 13
+85 20
+7 4
-2 4
+2 12
+3 12
-13 4
+27 34
-38 2
cfi=(15)
cfn=(36)
calls=1 93 
* 34
* 1
* 1
+1 1
-1 1
+1 1
+2 4
cfi=(16)
cfn=(42)
calls=1 61 
* 46
+35 1
-34 1
+34 13
-72 12

fl=(16)
fn=(42)
61 30
+2 30
+2 30
+3 22
+1 22
+2 7
+1 7
+2 7
+1 7
+5 7
+1 7
-1 15
+1 15
+2 5
+1 5
+2 5
+1 10
+5 5
+1 5
-1 17
+1 17
+2 6
+1 6
+2 6
+1 6
+5 6
+1 6
-1 16
+1 16
+2 13
+1 13
+2 13
+1 13
+5 13
+1 13
-1 9
+1 19
+5 10
+1 10
+1 10
+1 10
+2 10
+2 10
+1 10
+2 10
+8 22
+8 16
+6 16
+2 16
+1 16
+3 4
+1 8
+5 4
+1 4
+2 4
+2 4
+1 4
+2 4
-8 14
+1 14
+2 14
+2 14
+1 14
+2 18
+9 4
+1 4
-1 12
+1 12
+3 15
+1 15
+1 15
+5 59
+2 59
+1 59
+1 59
+1 59
+2 59
+1 59
+1 59
+1 59
+2 59
+1 59
+2 59
+2 50
+2 50
+1 50
+1 50
+1 50
+2 50
+1 50
+1 50
+1 50
+2 50
+1 50
+2 53
+5 3
+6 3
+1 3
-7 12
+6 12
+1 12
+2 7
+27 1
+2 1
+1 1
+2 191
+1 1
+11 1
+6 1
+1 1
+2 1

fl=(22)
fn=(62)
39 8
+3 1
-1 1
+1 1
+9 1
-12 3
+3 1
-3 1
+3 1
+9 2
+10 4
+31 2
+23 3
cfi=(23)
cfn=(64)
calls=1 -34 
* 9
* 2
-2 1
+17 6
+3 2
+29 2
+8 2
+2 4
+1 4
+4 2
+4 1
-3 1
-1 1
+4 1
+3 2
+4 5
+1 1
-1 7
+1 1
+18 12
+1 4
cfi=(15)
cfn=(36)
calls=1 93 
* 34
* 1
+1 1
-1 1
+1 3
+29 1
+3 1
-3 2
+3 1
+28 9
+1 2
-1 2
+1 6
-1 8
+5 6
+3 1
-3 1
+3 2
-3 1
+3 1
-3 2
+3 1
-3 1
+3 2
-3 1
+3 3
+1 12
+1 4
-1 4
+1 8
-2 4
+1 8
-1 14
+4 4
+3 1
+2 2
-1 1
-1 2
+2 10
+13 2
+1 1
-1 1
+3 2
-3 2
+1 1
-1 1
+3 2
+3 3
+3 1
-1 1
+1 7
145 2
-14 2
243 3
cfi=(24)
cfn=(66)
calls=1 61 
* 22
+1 2
-1 2
+1 1
cfi=(24)
cfn=(66)
calls=1 61 
* 22
* 4

fl=(6)
fn=(176) check_match.9481
131 1176
+1 336
+2 336
+2 504
-2 336
+12 504
+3 592
cfi=(17)
cfn=(50)
calls=64 -18 
* 5574
* 128
+5 168
-1 168
+1 168
-1 168
+1 168
+2 230
+19 230
+1 920
+46 1176
-18 106
+2 106
+1 159
-1 106
+1 53
-1 106
-29 345
cfi=(17)
cfn=(50)
calls=115 -46 
* 9995
* 230
-43 4

fn=(172)
714 2184
476 182
714 364
476 546
-1 364
+2 182
-1 182
+1 546
-1 546
+1 2339
-1 2339
+1 7017
-1 7381
716 182
+4 182
+4 182
-8 182
+1 364
+7 412
+5 182
+2 364
-2 182
+6 1456
+2 2366
cfn=(174) do_lookup_x
calls=182 82 
* 82399
+3 364
+3 14
-8 56
-7 364
+38 364
+22 168
+1 1176
+26 168
+9 840
+14 504
+3 672
+5 168
+2 1456
-9 2
-71 98
+16 14
+1 28

fn=(174)
82 1638
+1 182
-6 182
+5 546
-5 1274
+12 182
229 182
+3 364
-3 182
+3 364
98 182
-3 182
+1 182
+2 182
+3 182
-3 182
+3 182
-3 540
-3 540
+1 540
+2 540
+3 540
-3 540
+3 540
+4 1482
+4 1432
+4 1432
+6 2148
+4 1432
+1 2148
225 716
+1 1432
+4 1432
-2 716
+5 2864
+4 1432
-1 1432
+1 716
-1 1432
+21 548
+24 1096
461 2727
+1 600
cfi=(32)
cfn=(104)
calls=120 288 
* 5739
* 720
+3 1662
+3 28
286 1268
+4 393
+13 168
+1 168
-1 168
+1 168
+1 168
469 1456
240 836
-1 418
+2 418
+2 618
+10 816
-7 2200
+2 336
+1 672
-1 336
+1 168
-1 672
+1 504
cfn=(176)
calls=168 131 
* 24092
+1 840

fn=(10)
859 18
+4 6
+4 12
+2 6
-1 6
+3 18
+1 6
+1 12
+3 6
-1 6
-2 6
+3 6
+4 12
-2 6
+1 6
+1 12
+1 6

fl=(88) /build/eglibc-SvCtMH/eglibc-2.19/elf/dl-open.c
fn=(382) _dl_find_dso_for_object
182 5
+1 4
+1 16
+1 2
+3 2
+4 1
-9 9

fl=(65)
fn=(260) call_init.part.0
34 48
+8 6
-8 6
+11 6
-3 12
+3 18
+5 15
+5 8
+8 8
+1 24
cob=(2)
cfi=(14)
cfn=(308)
calls=1 -64 
* 6
cob=(2)
cfi=(14)
cfn=(296)
calls=1 -64 
* 6
cob=(3)
cfi=(67) /build/eglibc-SvCtMH/eglibc-2.19/csu/../csu/init-first.c
cfn=(274) _init
calls=1 -12 
* 211
cob=(2)
cfi=(14)
cfn=(262)
calls=1 -64 
* 6
+3 4
+1 8
+6 4
+2 8
-2 8
+3 20
+1 16
cob=(6)
cfi=(76)
cfn=(312) __cpu_indicator_init
calls=1 -78 
* 178
cob=(4)
cfi=(59)
cfn=(300)
calls=1 -78 
* 16
cob=(3)
cfi=(73) /build/eglibc-SvCtMH/eglibc-2.19/string/../sysdeps/x86_64/multiarch/../cacheinfo.c
cfn=(286) init_cacheinfo
calls=1 550 
* 1045
cob=(5)
cfi=(66)
cfn=(266) 0x0000000000000670
calls=1 -78 
* 16
* 8
cob=(6)
cfi=(76)
cfn=(318) 0x00000000000077a0
calls=1 -78 
* 16
cob=(3)
cfi=(75) /build/eglibc-SvCtMH/eglibc-2.19/elf/dl-altinit.c
cfn=(294) dlinit_alt
calls=1 -45 
* 4
* 6
-1 12
+3 30
-29 2
+29 6
-34 3

fn=(258)
86 11
+1 1
+1 1
+3 3
+7 4
+27 21
+1 18
-90 32
cfn=(260)
calls=5 -2 
* 1713
* 5
+96 8
-96 3
cfn=(260)
calls=1 -2 
* 77
+58 2

fl=(23)
fn=(64)
81 16
+2 20

fn=(122)
81 20
+1 5

fn=(110)
81 16
+1 4

fn=(108)
81 60
+1 5
+1 50

fl=(41)
fn=(166)
154 60
+15 6
-15 12
+15 6
+1 24
+6 12
+6 18
-18 12
+22 12
+7 12
-32 6
+77 6
fi=(5)
71 6
fe=(41)
238 12
fi=(5)
71 18
fe=(41)
264 276
-99 25
fi=(5)
276 40
fe=(41)
-12 5
fi=(4)
48 5
fe=(41)
264 5
fi=(4)
58 5
fe=(41)
264 5
fi=(4)
47 10
+11 10
fe=(41)
264 1
-99 5
fi=(5)
276 8
fe=(41)
-12 1
fi=(4)
48 1
fe=(41)
264 1
fi=(4)
58 1
fe=(41)
264 1
fi=(4)
47 2
+11 2
fe=(41)
264 6
fi=(4)
48 6
fe=(41)
264 6
fi=(4)
58 6
fe=(41)
264 6
fi=(4)
47 12
+11 12
+3 20
fi=(5)
503 478
+4 478
+2 717
+1 239
fi=(4)
61 768
+2 774
+2 61
-4 6
+13 10
+1 10
+1 38
fi=(5)
503 19
+24 19
fi=(4)
75 19
fi=(5)
527 19
+2 19
cob=(4)
cfi=(53)
cfn=(244)
calls=1 24 
* 16
cob=(4)
cfi=(64)
cfn=(240)
calls=1 15 
* 16
cob=(4)
cfi=(61)
cfn=(238)
calls=1 14 
* 13
cob=(4)
cfi=(63)
cfn=(236)
calls=1 25 
* 12
cob=(4)
cfi=(62)
cfn=(234)
calls=1 25 
* 12
cob=(4)
cfi=(61)
cfn=(232)
calls=1 10 
* 13
cob=(4)
cfi=(60)
cfn=(230)
calls=1 25 
* 12
cob=(4)
cfi=(58)
cfn=(226)
calls=1 15 
* 16
cob=(4)
cfi=(57)
cfn=(224)
calls=1 8 
* 13
cob=(4)
cfi=(56)
cfn=(222)
calls=1 25 
* 12
cob=(4)
cfi=(55)
cfn=(220)
calls=1 25 
* 12
cob=(4)
cfi=(54)
cfn=(218)
calls=1 25 
* 12
cob=(4)
cfi=(53)
cfn=(216)
calls=1 20 
* 16
cob=(4)
cfi=(50)
cfn=(200)
calls=1 15 
* 1128
cob=(3)
cfi=(48)
cfn=(194)
calls=1 49 
* 13
cob=(3)
cfi=(47) /build/eglibc-SvCtMH/eglibc-2.19/time/../sysdeps/unix/sysv/linux/x86_64/gettimeofday.c
cfn=(190) gettimeofday
calls=1 31 
* 68
cob=(3)
cfi=(42) /build/eglibc-SvCtMH/eglibc-2.19/string/../sysdeps/x86_64/multiarch/strcmp.S
cfn=(188) strncasecmp
calls=1 140 
* 6
cob=(3)
cfi=(44)
cfn=(182)
calls=1 37 
* 68
cob=(3)
cfi=(42)
cfn=(178) strcasecmp
calls=1 114 
* 100
fi=(4)
75 19
fi=(5)
530 19
fi=(4)
75 23
fe=(41)
264 6
fi=(4)
75 10
fe=(41)
264 30
+3 18
+28 6
+3 12
+17 18
+2 48
fi=(4)
84 7
+2 14
+12 7
-15 7
+15 7
-15 7
+15 7
+10 10
+3 14
fi=(5)
487 4
fi=(4)
112 8
fi=(5)
487 1239
fi=(4)
112 2462
fi=(5)
487 2462
+5 2470
+1 2470
fi=(4)
111 2470
fi=(5)
493 1235
fi=(4)
111 1235
+7 21
+3 6
+3 6
-3 6
+3 6
fi=(5)
422 5
fi=(4)
50 5
fi=(5)
422 5
fi=(4)
51 5
fi=(5)
422 20
fi=(4)
127 592
+9 296
+3 296
fi=(5)
244 148
fi=(4)
138 148
-2 148
+1 592
fi=(5)
244 148
+21 296
+4 296
+7 2906
fi=(4)
137 121
+1 121
fi=(5)
276 242
fi=(4)
137 121
fi=(5)
276 407
fi=(4)
137 11
+1 11
fi=(5)
276 22
fi=(4)
137 11
fi=(5)
276 1749
cfi=(6)
cfn=(172)
calls=132 714 
* 81821
* 660
+2 411
+3 138
-3 276
+3 414
+6 1036
fe=(41)
183 12
+81 5
fi=(5)
77 10
+4 15
+14 5
-8 5
+8 10
+13 10
+3 20
410 372
fi=(4)
124 464
+19 10
fi=(5)
276 33
382 39
+4 65
+5 65
-63 6
+2 4
+9 4
-19 6
+1 9
449 18
+4 36
cfi=(16)
cfn=(42)
calls=6 61 
* 1505
+2 18
+1 6
fi=(4)
108 3
fe=(41)
323 12
+1 6
+1 6
-1 6
-1 12
+2 6
+3 12
+1 18
cfi=(25)
cfn=(118)
calls=6 81 
* 30
* 12
fi=(4)
160 8
+2 20
+8 10
+1 5
-1 5
+1 5
fi=(5)
+73 5
fi=(4)
-74 10
fi=(5)
+74 5
+21 10
+4 10
+7 135
cfi=(6)
cfn=(172)
calls=5 714 
* 2927
* 20
+2 15
+3 1
-3 2
+3 3
+6 35
410 15
fi=(4)
160 15
+14 5
fi=(5)
276 124
fe=(41)

fl=(35)
fn=(132)
34 7
-1 7
+1 7
+1 42
+4 1
-4 24

fl=(31)
fn=(98)
26 8
+9 8
+1 16
+1 8
+4 8
+1 8
+1 8
+1 8
+1 8
+2 16
+2 8
+1 8
+3 16
+2 8
+4 8
+1 8

ob=(3)
fl=(139) /build/eglibc-SvCtMH/eglibc-2.19/stdlib/../sysdeps/x86_64/rshift.S
fn=(688) __mpn_rshift
29 14500
+1 14500
+1 14500
+13 14500
+1 14500
+16 14500
+1 12920
+1 12920
+1 12920
+1 12920
+1 12920
+1 12920
+5 12920
+1 12920
+1 12920
+1 12920
+1 12920
+4 1580
+1 1580
+1 1580
+1 1580
+1 1580
+1 1580
+1 1580
+1 1580
+20 1580
+1 1580
+1 1580
+1 1580
+1 1580
+1 1580
+1 1580

fl=(154) /build/eglibc-SvCtMH/eglibc-2.19/posix/../sysdeps/unix/sysv/linux/_exit.c
fn=(848) _Exit
28 2
+4 1
+2 2

fl=(131) /build/eglibc-SvCtMH/eglibc-2.19/string/../sysdeps/x86_64/memcpy.S
fn=(672) __GI_mempcpy
61 20773
+4 20773
+3 20773
+1 20773
+2 20722
+1 20722
+2 20722
+1 20722
+5 20722
+1 20722
-1 51
+1 51
+2 6454
+1 6454
+2 6454
+1 6454
+5 6454
+1 6454
-1 14319
+1 14319
+2 4
+1 4
+2 4
+1 4
+5 4
+1 4
-1 20769
+1 20769
+2 7
+1 7
+2 7
+1 14
+5 7
+1 7
-1 20766
+1 20770
+5 4
+1 4
+1 4
+1 4
+2 4
+2 4
+1 4
+2 4
+6 20773
+4 20773

fl=(143) /build/eglibc-SvCtMH/eglibc-2.19/io/../sysdeps/unix/syscall-template.S
fn=(702) write
81 748
cfn=(704) __write_nocancel
calls=374 * 
* 1870

fn=(704)
81 1870

fl=(113)
fn=(558)
26 75000
+1 75000
cfi=(111)
cfn=(560) random
calls=75000 293 
* 3222581
+1 150000

fl=(46) /build/eglibc-SvCtMH/eglibc-2.19/elf/../sysdeps/unix/sysv/linux/dl-vdso.c
fn=(186) _dl_vdso_vsym
27 5
-1 5
+1 5
+4 10
-3 10

fl=(81) /build/eglibc-SvCtMH/eglibc-2.19/setjmp/../sysdeps/x86_64/setjmp.S
fn=(358) __sigsetjmp
26 1
+9 1
+1 2
+1 1
+4 1
+1 1
+1 1
+1 1
+1 1
+2 2
+2 1
+1 1
+3 2
+2 1
+9 1
cfi=(82) /build/eglibc-SvCtMH/eglibc-2.19/setjmp/sigjmp.c
cfn=(360) __sigjmp_save
calls=1 -35 
* 9

fl=(70) /build/eglibc-SvCtMH/eglibc-2.19/misc/init-misc.c
fn=(280) __init_misc
30 4
+1 5
+2 3
cfi=(71) /build/eglibc-SvCtMH/eglibc-2.19/string/../sysdeps/x86_64/strrchr.S
cfn=(282) rindex
calls=1 -9 
* 54
+4 5
+1 3
+2 4

fl=(112) /build/eglibc-SvCtMH/eglibc-2.19/stdlib/random_r.c
fn=(550) srandom_r
164 5
+8 2
+2 1
+1 2
+3 1
+2 3
+3 1
-1 1
+1 1
+5 1
+1 1
+5 1
-5 4
+5 7
+2 1
-1 2
+1 2
+2 3
+1 1
-10 3
+5 203
+2 29
-1 58
+1 58
+2 87
+1 29
-10 87
+13 1
+1 2
-1 2
+2 1
+1 4
+3 2
-3 1
+3 1
cfn=(552) random_r
calls=1 366 
* 26
* 618
-3 309
+3 309
cfn=(552)
calls=309 366 
* 8024
-3 620
+7 1
+4 5

fn=(552)
366 301240
+5 75310
-2 75310
+2 150620
+9 75310
+1 75310
+1 75310
+3 150620
+3 75310
-3 75310
+2 75310
+2 75310
-2 75310
+2 75310
+7 72881
+4 72881
-3 145762
+6 72881
-2 145762
-32 2429
+23 2429
+11 2429
-3 2429
+1 4858

fl=(135) /build/eglibc-SvCtMH/eglibc-2.19/stdlib/../sysdeps/ieee754/dbl-64/dbl2mpn.c
fn=(680) __mpn_extract_double
35 20008
+2 30012
+1 10004
+9 10004
-9 10004
+9 10004
+9 10004
-18 20008
+18 10004
-18 10004
+9 10004
+9 10004
+47 30012
+4 20008

fl=(129) /build/eglibc-SvCtMH/eglibc-2.19/misc/../sysdeps/unix/syscall-template.S
fn=(662) mmap
81 5
+1 1

fl=(150) /build/eglibc-SvCtMH/eglibc-2.19/stdlib/cxa_thread_atexit_impl.c
fn=(748) __call_tls_dtors
82 3
+1 2
cob=(1)
cfi=(36)
cfn=(754)
calls=1 770 
* 11
cob=(1)
cfi=(51)
cfn=(208)
calls=1 -49 
* 1208
* 5
* 3
+18 4

fl=(82)
fn=(360)
29 2
-1 2
+1 2
+5 3

fl=(85) /build/eglibc-SvCtMH/eglibc-2.19/malloc/hooks.c
fn=(438) memalign_hook_ini
46 1
+1 2
fi=(86) /build/eglibc-SvCtMH/eglibc-2.19/malloc/arena.c
373 3
fi=(84)
3057 1
fe=(85)
50 1
fi=(84)
3057 1
cfn=(437) _mid_memalign'2
calls=1 +5 
* 342
fe=(85)

fn=(370) malloc_hook_ini
30 2
fi=(86)
373 3
fe=(85)
29 3
cfi=(86)
cfn=(372) ptmalloc_init.part.7
calls=1 371 
* 57831
* 1
+4 1
-1 1
cfi=(84)
cfn=(369) malloc'2
calls=1 2878 
* 1190

fl=(79) /build/eglibc-SvCtMH/eglibc-2.19/stdlib/cxa_atexit.c
fn=(338) __cxa_atexit
57 6
-22 2
cfn=(340) __new_exitfn
calls=1 +38 
* 38
+2 2
+4 1
+3 1
+1 1
-4 2
+2 1
+4 1
+1 1
+11 4

fn=(340)
73 1
+6 2
-6 3
+6 4
+2 4
-7 2
+9 3
-2 1
+10 1
-10 3
+45 1
+1 1
+3 4
+3 5
-21 1
+1 2

fl=(152)
fn=(784)
31 9
+17 3
-17 15
+4 12
+4 18
-4 9
+32 12
+4 18
-4 9
+12 6
+3 3
-2 3
+2 18
-2 3
cfi=(153) /build/eglibc-SvCtMH/eglibc-2.19/nptl/../nptl/sysdeps/unix/sysv/linux/unregister-atfork.c
cfn=(786) __unregister_atfork
calls=3 -44 
* 39

fl=(42)
fn=(188)
140 1
+1 1
+4 1
+1 1
+1 1
+11 1

fn=(178)
114 1
+1 1
+1 1
cfi=(43)
cfn=(180) __init_cpu_features
calls=1 -62 
* 93
+3 1
+1 1
+1 1
+11 1

fl=(75)
fn=(294)
33 3
+1 1

fl=(91) /build/eglibc-SvCtMH/eglibc-2.19/misc/sbrk.c
fn=(392) sbrk
34 3
+8 3
-8 9
+8 15
+4 6
+4 8
+3 2
cfi=(92) /build/eglibc-SvCtMH/eglibc-2.19/misc/../sysdeps/unix/sysv/linux/x86_64/brk.c
cfn=(394) brk
calls=2 -22 
* 26
* 4
+4 15
-14 2
cfi=(92)
cfn=(394)
calls=1 -12 
* 13
* 4

fl=(124) /build/eglibc-SvCtMH/eglibc-2.19/string/../sysdeps/x86_64/strchr.S
fn=(648) strchrnul
24 20766
+1 20766
+1 20766
+1 20766
+1 20766
+1 20766
+1 20766
+1 20766
+1 20766
+1 20766
+1 20766
+1 20766
+1 20766
+1 20766
+1 20766
+1 20766
+1 20766
+1 20762
+2 20762
+7 20762
+4 4
+1 4
+1 4
+1 4
+1 4
+1 4
+1 4
+1 4
+1 4
+1 4
+1 4
+1 4
+1 4
+1 4
+1 4
+1 4
+1 4
+1 4
+1 4
+1 4
+1 4
+1 4
+1 4
+1 4
+52 4
+2 4
+7 4

fl=(84)
fn=(386) _int_malloc
3304 462
+30 66
-30 66
+30 594
+8 132
+2 51
+1 17
+1 17
-1 34
+5 34
+3 20
+1 4
-1 4
+1 8
+25 124
+2 82
+1 82
+2 123
+2 6
+4 2
+1 4
+5 2
+1 2
+1 2
+2 6
1864 15
3745 15
1864 30
3808 594
3423 173
+1 42
+1 48
cfn=(388) malloc_consolidate
calls=16 4106 
* 3003
* 16
3792 16
4994 32
3792 48
+2 400
4992 16
+2 16
-2 48
3444 32
3792 44
4994 88
3792 132
+2 1100
4992 44
+2 44
-2 132
3444 88
+66 28
+1 42
+1 14
+50 84
+7 14
-6 14
+1 14
+1 14
+1 14
+3 14
-7 6
+7 1
-6 1
+1 1
+1 1
+1 1
+3 1
3444 225
+3 16
-1 16
+1 32
+1 32
+3 16
+10 36
+34 15
-5 15
+1 15
+4 15
+13 30
+8 8
+1 1
+1 1
+3 2
+38 4
-96 2
-1 4
+2 1
-1 2
+4 1
+1 1
+4 1
-3 2
+1 1
+1 2
+1 1
+2 1
+1 1
+3 7
+2 2
-2 1
+2 1
+1 1
+3 1
1864 3
3578 118
+73 59
+1 59
+1 59
-1 59
+1 59
+1 118
+1 118
+5 360
+4 156
+3 132
-3 99
+3 120
-3 84
+3 112
-3 56
3767 50
+3 50
-2 150
+2 100
+17 4
3676 16
+2 32
-4 52
+8 10
+3 20
+2 1
+1 1
+1 1
-2 4
+62 1
3357 20
3580 42
+3 63
3423 4
-89 2
3667 8
+2 2
+1 4
3423 40
3694 18
+3 18
+5 9
-3 18
+3 111
+3 18
+3 8
-1 8
+1 24
+12 1
-5 1
+6 2
+11 1
-6 1
+1 1
+1 1
+1 1
+3 1
+1 1
+1 2
+2 1
+1 1
+2 7
+2 2
-2 1
+2 1
+1 2
5002 2
2273 8
+11 2
-11 2
+11 2
+87 2
-9 2
+9 8
+6 2
+3 6
2702 4
+1 2
+5 4
+3 4
+5 2
-3 2
+3 2
-2 2
+5 2
-3 6
+1 2
-1 2
-1 2
+1 4
+1 2
3803 4
1864 6
2274 4
3775 48
-3 48
+1 48
+2 48
-1 48
+1 96
+2 48
-2 144
1864 48
3775 48
+2 48
+3 48
1864 96
2435 2
+19 4
-19 2
+9 2
+10 4
-10 2
+10 2
-10 6
+10 6
+8 2
-8 2
+8 2
+2 8
cfi=(90) /build/eglibc-SvCtMH/eglibc-2.19/malloc/morecore.c
cfn=(390) __default_morecore
calls=2 46 
* 108
* 4
+4 10
+3 4
+1 4
+19 2
+27 4
+1 1
+1 2
+6 1
-6 1
+6 1
-6 2
+6 1
-6 1
+6 3
+1 6
+2 6
+42 3
+19 1
+3 2
+1 6
+2 1
-2 1
+2 1
+1 4
cfi=(90)
cfn=(390)
calls=1 46 
* 26
+12 3
+8 2
+1 3
+39 1
+1 1
-2 1
+1 3
+12 1
-12 1
+1 1
+11 1
2529 2
2371 2
2571 3
3702 11

fn=(422)
3163 20
+13 60
-13 20
+10 40
-10 60
+13 40
+10 40
+1 40
+12 200
+7 20
+8 20
-7 40
+7 40
+7 60
cfn=(386)
calls=20 +83 
* 2617
+3 20
-3 20
+3 180
+16 80
+4 60
+52 90
-41 20
-3 20
+3 40
-14 20
+14 40
+11 20
+1 40
+1 40
+2 40
+8 15
-3 15
+1 15
+1 30
+1 15
+4 14
-2 14
+1 14
+1 14
+4 2
-2 2
+1 2
+1 2
+2 1
+1 2
-34 24
+16 10
+25 25
-25 5
cfi=(96) /build/eglibc-SvCtMH/eglibc-2.19/string/../sysdeps/x86_64/memset.S
cfn=(452) memset
calls=5 53 
* 8284

fn=(434) posix_memalign
5013 18
-5 18
+8 18
-3 18
+16 18
-15 18
-6 18
+6 90
+15 18
-14 36
+5 54
cfn=(436) _mid_memalign
calls=18 3062 
* 9055
* 18
+8 18
-6 36
+2 18
+1 18
+4 36

fn=(436)
3062 18
+5 18
-5 54
+5 18
-5 18
+6 36
+4 34
+4 34
+5 85
+7 34
+8 51
+8 170
+4 68
cfn=(442) _int_memalign
calls=17 4395 
* 7722
+1 17
-1 17
+1 17
+11 68
+1 153
+3 71
-55 1
cfi=(85)
cfn=(438)
calls=1 46 
* 351

fn=(437)
3062 1
+5 1
-5 3
+5 1
-5 1
+6 2
+4 2
+4 2
+5 5
+7 2
+8 3
+8 10
+4 4
cfn=(442)
calls=1 4395 
* 285
+1 1
-1 1
+1 1
+11 4
+1 9
+3 4

fn=(444) _int_free
3816 624
+13 78
-13 78
+13 156
+6 312
+1 156
+11 312
+13 234
+11 136
+1 102
1871 34
3896 34
1871 68
3898 102
+1 68
+1 34
+3 34
-3 34
+9 102
-5 136
+14 82
+1 3
+1 1
+2 3
-2 33
+2 201
+2 84
4089 272
3935 88
+1 132
+18 44
-4 44
+4 88
+6 88
+8 132
+6 88
+1 88
+1 88
1871 132
3985 88
+1 27
+2 27
-1 27
+2 435
+3 88
+5 82
+1 110
+1 7
+11 7
-1 7
+2 14
-1 34
-1 34
+2 68
+7 41
-2 41
+1 41
+1 41
+2 34
+1 34
+2 34
+1 34
+2 102
+1 34
+30 68
-34 7
+1 7
+2 21
+1 7
+30 20
+1 10
+3 15
3945 308
+2 88
4077 132
+1 132
+1 176
+10 352
-88 68
+37 3
+1 9
+1 6
+19 10
cfn=(388)
calls=5 +47 
* 1381
* 5
+4 25
3962 132
-2 88

fn=(388)
4106 168
+22 42
+1 60
+12 20
4994 20
4131 20
+11 20
-1 20
4992 20
+2 20
-2 80
4144 40
+1 40
-1 360
+1 539
+22 10
-1 10
+1 160
+4 27
+4 27
-3 27
+1 27
+2 27
+1 10
+1 10
+3 10
+1 10
+1 10
-2 10
+12 10
-12 10
+3 10
+9 10
-12 17
+1 17
+1 17
-2 17
+12 17
-12 17
+3 17
+9 24
-41 7
-3 7
+3 14
+1 7
+1 14
+2 14
-4 21
-3 21
+3 42
+1 21
+1 42
+2 42
+1 11
+2 11
-1 11
+2 178
+3 56
+3 54
+4 34
+18 1
+1 1
+4 1
-4 1
+1 1
+3 2
+3 800
+6 160
5001 1
4128 3
1787 1
+3 3
-3 128
+3 378
-3 252
+7 3
+5 1
+2 1
-2 1
4201 8
1798 3

fn=(442)
4395 36
-14 18
+14 36
-14 18
+14 54
-14 18
+14 36
-14 54
+24 36
cfn=(386)
calls=18 3304 
* 5268
+2 18
-2 18
+2 18
+5 18
-2 18
+2 54
+9 85
+2 17
+1 17
-1 17
+1 17
+4 17
-4 17
+3 17
+1 17
-1 17
+1 34
+3 34
+8 51
+3 17
+1 17
-1 34
+1 34
cfn=(444)
calls=17 3816 
* 1199
+3 136
+5 68
+15 18
+1 108
-57 1
+2 1
+39 3
+3 18
-1 18
+1 36
+4 1
-2 1
+1 1
+4 1
-3 7
+2 4
+1 2
cfn=(444)
calls=1 3816 
* 70
* 1
-22 17
+3 17
-3 34
+2 17
+1 51

fn=(508)
2919 122
+1 122
+6 122
+5 60
-2 60
+2 120
+16 180
+1 120
cfn=(444)
calls=60 3816 
* 7817
2829 1

fn=(368)
2878 112
+5 56
+1 56
+3 54
+2 216
+4 81
cfn=(386)
calls=27 3304 
* 3804
+1 27
-1 27
+1 27
+11 108
+1 216
+3 135
-24 1
+24 3
-24 1
cfi=(85)
cfn=(370)
calls=1 30 
* 59032

fn=(369)
2878 4
+5 2
+1 2
+3 2
+2 8
+4 3
cfn=(386)
calls=1 3304 
* 1149
+1 1
-1 1
+1 1
+11 4
+1 8
+3 5

fl=(89) /build/eglibc-SvCtMH/eglibc-2.19/nptl/../nptl/sysdeps/unix/sysv/linux/register-atfork.c
fn=(384) __linkin_atfork
116 2
+1 6
+2 1

fl=(109) /build/eglibc-SvCtMH/eglibc-2.19/string/../sysdeps/x86_64/multiarch/memcpy-sse2-unaligned.S
fn=(524) __memcpy_sse2_unaligned
25 250
+1 250
+1 250
+1 250
+1 250
+1 250
+1 250
+1 250
+1 250
+1 250
+1 250
+1 250
+1 250
+1 250
+2 250
+1 250
+4 249
+1 249
+1 249
+1 249
+1 249
+1 249
+1 249
+1 249
+1 249
+1 249
+1 249
+1 249
+1 249
+1 249
+1 249
+1 249
+1 249
+1 249
+1 249
+1 249
+1 249
+1 249
+1 249
+1 249
+1 249
+1 249
+1 249
+1 249
+1 249
+1 249
+4 249
+1 249
+1 249
+1 249
+1 249
+1 249
+1 249
+1 249
+1 249
+1 249
+1 249
-10 160
+1 160
+1 160
+1 160
+1 160
+1 160
+1 160
+1 160
+1 160
+1 160
+1 160
+1 249

fl=(47)
fn=(190)
31 1
-1 1
fi=(45) /build/eglibc-SvCtMH/eglibc-2.19/time/../sysdeps/generic/dl-hash.h
+14 1
fe=(47)
-13 2
fi=(45)
+14 1
fe=(47)
-14 1
fi=(45)
+12 1
+5 3
+1 2
+13 2
-17 3
+3 9
+1 6
+13 6
-17 9
+22 1
fe=(47)
-36 2
+3 2
-3 1
+3 1
cfi=(46)
cfn=(186)
calls=1 -7 
* 7
+1 3
+1 3

fl=(67)
fn=(274)
52 8
+6 3
+14 1
fi=(68) /build/eglibc-SvCtMH/eglibc-2.19/csu/../sysdeps/generic/dl-hash.h
-28 1
fe=(67)
+26 1
+1 1
fi=(69) /build/eglibc-SvCtMH/eglibc-2.19/csu/../sysdeps/unix/sysv/linux/x86_64/init-first.c
-33 1
fi=(68)
+7 1
fi=(69)
-7 1
fe=(67)
+34 1
fi=(69)
-34 2
fi=(68)
+5 1
+5 3
+1 2
+13 2
-17 3
+3 9
+1 6
+13 6
-17 9
+22 1
fi=(69)
-29 2
+2 2
-2 1
+2 2
cfi=(46)
cfn=(186)
calls=1 -13 
* 7
+1 2
+5 2
-3 2
+1 1
+2 1
cfi=(46)
cfn=(186)
calls=1 -19 
* 7
fe=(67)
+40 1
fi=(69)
-36 1
fe=(67)
+36 2
fi=(69)
-36 2
+1 2
+1 1
fe=(67)
+34 1
cfi=(70)
cfn=(280)
calls=1 -56 
* 78
+8 1
cfi=(72) /build/eglibc-SvCtMH/eglibc-2.19/ctype/ctype-info.c
cfn=(284) __ctype_init
calls=1 -63 
* 16
+5 6
-34 1
-7 1
+7 4
fi=(69)
-23 2
fe=(67)

fl=(86)
fn=(372)
371 6
+13 1
-8 1
+8 1
+7 2
+1 2
-1 1
+1 10
cfi=(89)
cfn=(384)
calls=1 116 
* 9
+2 5
+16 2
-74 74
+16 37
-18 114
455 2
+6 2
+1 2
+2 1
+1 7
-80 5
cfi=(87) /build/eglibc-SvCtMH/eglibc-2.19/elf/dl-addr.c
cfn=(374) _dl_addr
calls=1 126 
* 57537
* 2
+1 4
-49 2
+1 2

fl=(123) /build/eglibc-SvCtMH/eglibc-2.19/stdio-common/vfprintf.c
fn=(646) vfprintf
235 118338
+35 32274
1295 32275
+4 53790
+11 21516
+11 10758
fi=(146) /build/eglibc-SvCtMH/eglibc-2.19/stdio-common/printf-parse.h
108 21516
fe=(123)
1321 53790
fi=(146)
108 10758
cfi=(124)
cfn=(648)
calls=10758 -84 
* 215160
fe=(123)
1336 10758
fi=(146)
108 10758
fe=(123)
1332 10758
+4 21516
+4 75306
cfi=(125) /build/eglibc-SvCtMH/eglibc-2.19/libio/fileops.c
cfn=(650) _IO_file_xsputn@@GLIBC_2.2.5
calls=10758 -59 
* 292639
* 32274
2098 53790
+1 32274
+2 10758
+1 86064
1295 21514
+41 75306
+1 64548
+3 21516
+4 10758
-4 10758
+4 21516
+4 70028
283 10004
-6 10004
-3 10004
1325 10004
-8 10004
240 10004
1396 80064
-3 10008
-1 10008
-17 10008
+1 10008
+1 10008
+1 10008
+1 10008
+1 10008
+1 10008
+1 10008
+1 10008
+1 10008
+1 10008
+3 10008
+1 10008
1580 20016
-21 30024
1396 90072
2091 20008
+2 20008
+2 20008
1680 20016
+8 10008
fi=(146)
108 20016
fe=(123)
1688 10008
fi=(146)
108 10008
fe=(123)
1688 10008
fi=(146)
108 10008
cfi=(124)
cfn=(648)
calls=10008 -84 
* 200256
fe=(123)
1692 10008
-4 10008
+4 90072
cfi=(125)
cfn=(650)
calls=10008 1281 
* 821360
* 10008
-10 10008
+10 110088
+2 10008
-2 10008
+2 10008
-16 12
-18 196
cfi=(125)
cfn=(650)
calls=4 1281 
* 292
* 36
1406 108800
-1 12800
1660 40
cfi=(130) /build/eglibc-SvCtMH/eglibc-2.19/stdio-common/_itoa.c
cfn=(670) _itoa_word
calls=4 168 
* 88
* 172
1551 40000
+1 30000
+65 162800
-24 20000
-37 30000
+1 40000
+15 40000
+4 50000
-4 50000
+42 20000
+46 690276
cfi=(132) /build/eglibc-SvCtMH/eglibc-2.19/stdio-common/printf_fp.c
cfn=(674) __printf_fp
calls=10004 161 
* 15038689
* 120048
1517 12800
cfi=(146)
cfn=(718) read_int
calls=6400 73 
* 76800
+2 6400
-2 6400
+2 6400
+8 12800
+18 25600
+3 83200

fl=(78)
fn=(336)
133 7
+4 1
-4 3
+4 3
+82 1
-82 1
+82 1
+1 4
cfi=(79)
cfn=(338)
calls=1 57 
* 60
+22 6
+3 2
+1 5
cob=(7)
cfi=(77)
cfn=(342)
calls=1 0 
* 55
+4 4
+15 2
+9 2
cfi=(80) /build/eglibc-SvCtMH/eglibc-2.19/setjmp/../sysdeps/x86_64/bsd-_setjmp.S
cfn=(356) _setjmp
calls=1 30 
* 29
+1 2
+5 2
+1 2
+3 2
+3 6
cob=(7)
cfi=(83)
cfn=(362)
calls=1 31 
* 12561845041
+34 2
cfi=(149) /build/eglibc-SvCtMH/eglibc-2.19/stdlib/exit.c
cfn=(744) exit
calls=1 104 
* 5656
137 2

fl=(153)
fn=(786)
36 3
-8 6
+11 6
+1 9
+5 3
-6 6
+82 6

fl=(111)
fn=(548)
210 2
+1 6
+1 3
cfi=(112)
cfn=(550)
calls=1 -48 
* 10520
+1 4
+1 2

fn=(560)
293 75000
+3 450000
+2 225000
cfi=(112)
cfn=(552)
calls=75000 +68 
* 1947581
+2 300000
+2 75000
+1 150000

fl=(128) /build/eglibc-SvCtMH/eglibc-2.19/io/../sysdeps/unix/sysv/linux/wordsize-64/fxstat.c
fn=(660) _fxstat
34 1
-1 1
+1 1
+1 6
+4 1

fl=(142) /build/eglibc-SvCtMH/eglibc-2.19/string/../sysdeps/x86_64/strlen.S
fn=(696) strlen
66 10004
+1 10004
+1 10004
+1 10004
+1 10004
+1 10004
+1 10004
+2 10004
+2 10004
+30 10004
+1 10004
+1 10004
+1 10004
+1 10004
+1 10004
+1 10004

fl=(48)
fn=(194)
49 2
-49 24

fl=(132)
fn=(690) hack_digit.13665
231 214520
+3 268118
+2 66483
+2 44322
+1 22161
-1 22161
+1 44322
-1 22161
+1 22161
cfi=(138) /build/eglibc-SvCtMH/eglibc-2.19/stdlib/../sysdeps/x86_64/mul_1.S
cfn=(686) __mpn_mul_1
calls=22161 32 
* 445728
* 22161
+30 132966
-35 321684
+35 157345

fn=(674)
161 100040
+54 10004
-21 10004
+2 10004
+19 30012
+59 10004
-59 20008
+59 10004
+2 10004
+24 10004
-24 20008
+24 10004
-24 20008
+1 10004
-1 10004
+1 10004
+23 10004
+42 10004
176 10004
-1 10004
349 10004
+2 10004
-2 10004
+47 30012
+4 10004
cfi=(133) /build/eglibc-SvCtMH/eglibc-2.19/math/../sysdeps/ieee754/dbl-64/wordsize-64/s_isnan.c
cfn=(676) isnan
calls=10004 27 
* 70028
* 20008
+15 20008
cfi=(134) /build/eglibc-SvCtMH/eglibc-2.19/math/../sysdeps/ieee754/dbl-64/wordsize-64/s_isinf.c
cfn=(678) isinf
calls=10004 20 
* 130052
* 30012
+56 10004
+12 10004
-12 60024
+1 10004
+1 10004
+1 10004
+1 40016
+1 20008
+1 10004
-2 10004
+1 10004
-1 10004
+1 10004
+1 20008
+7 10004
-7 10004
+7 10004
1264 80032
431 90036
cfi=(135)
cfn=(680)
calls=10004 35 
* 210084
+4 10004
-4 10004
+4 30012
828 10004
+10 10004
-10 10004
+10 40016
+2 10004
-2 10004
+2 10004
+10 20008
+48 10004
-61 10004
+61 20008
+14 40016
+1 10004
-1 20008
+7 20008
fi=(155) /build/eglibc-SvCtMH/eglibc-2.19/stdio-common/../nptl/sysdeps/pthread/allocalim.h
28 20008
fe=(132)
929 10004
-8 10004
-1 10004
+9 50020
+1 20008
+3 50016
+3 22
+3 4
cfn=(690)
calls=2 231 
* 90
* 4
-3 18
+6 4
+1 6
+2 4
-4 2
+4 30014
+12 30012
+1 147272
+1 160884
+1 20008
+3 43624
-1 43624
+2 43624
-1 43624
cfn=(690)
calls=43624 231 
* 1347221
* 43624
+1 87248
+2 90474
-6 40016
+15 30012
+1 40016
cfn=(690)
calls=10004 231 
* 458982
+2 49297
+1 9281
-1 9281
+2 10905
+3 3635
-4 3635
+4 3635
+5 3635
-1 3635
+1 18609
fi=(140) /build/eglibc-SvCtMH/eglibc-2.19/stdio-common/../sysdeps/generic/get-rounding-mode.h
93 2
+1 8
-1 10002
+1 50012
fe=(132)
1094 30012
+7 20008
+3 20008
+13 30012
+46 60024
+1 6400
+1 38400
+2 6400
-2 6400
+2 6400
-2 21624
+2 3604
-2 3604
+2 53624
655 20008
822 8
cfi=(136) /build/eglibc-SvCtMH/eglibc-2.19/stdlib/../sysdeps/x86_64/lshift.S
cfn=(682) __mpn_lshift
calls=2 29 
* 30
+1 10
+1 4
208 10004
1170 20008
+1 6400
+4 6400
+2 40016
+9 30012
+6 30012
+4 30012
cfi=(142)
cfn=(696)
calls=10004 66 
* 160064
+2 10004
-2 10004
+2 30012
+5 10004
+1 20008
-1 10004
+2 20008
+11 50020
+1 10004
+6 10004
-6 10004
+6 130052
+3 107256
+3 107256
-6 190896
+1 190896
+1 30012
cfi=(131)
cfn=(672)
calls=10004 61 
* 180072
* 20008
fi=(140)
94 20008
fi=(141) /build/eglibc-SvCtMH/eglibc-2.19/stdio-common/../include/rounding-mode.h
-42 20008
fe=(132)
995 7238
fi=(141)
52 3619
fe=(132)
995 7238
+5 7238
+5 21714
+2 266
-2 532
+3 266
-3 8302
+5 7238
+2 7238
+2 7238
+11 18095
853 10002
+2 10002
-1 10002
+10 10002
-11 20004
1172 30012
+1 19200
853 10004
-1 10004
+1 30012
+3 30012
+2 2
-3 2
-1 2
+6 2
-2 2
+2 2
-7 2
+5 2
-5 4
+98 10002
+2 10002
-1 10002
832 10002
951 10002
+2 30006
1233 20008
-1 10004
+18 30012
+3 20008
+7 30012
663 40008
cfi=(136)
cfn=(682)
calls=10002 29 
* 150030
+1 10002
+4 10002
-8 10002
-1 10002
-1 10002
+30 10002
-24 10002
+4 10002
-4 30006
+52 10002
-49 10002
+1 10002
+48 20004
-43 10002
+2 20004
-2 107187
+2 214374
+7 12494
+2 12494
-1 12494
-1 49976
+9 12494
+13 12494
-13 62470
+4 12494
-4 12494
+4 12494
+1 24988
-1 12494
+1 12494
+1 12494
-1 12494
-1 12494
+1 12494
-1 12494
+1 24988
+8 37482
+22 48677
+8 11195
+1 22390
+8 11195
-8 22390
+5 11195
-6 11195
+6 33585
+3 22390
-9 454
+1 908
+8 454
-8 908
+5 454
-6 454
+6 1362
+3 1436
+1 23298
+10 11649
-3 11649
+3 58149
+12 9692
+10 38768
cfi=(139)
cfn=(688)
calls=9692 29 
* 167096
* 192
cfi=(139)
cfn=(688)
calls=48 29 
* 1008
* 9740
+3 19480
+7 9740
-2 9740
+2 126929
-2 107449
+2 436175
+24 30006
-83 3897
+1 1102
-1 3306
+2 648
+1 21
-42 74964
cfi=(137) /build/eglibc-SvCtMH/eglibc-2.19/stdlib/mul.c
cfn=(684) __mpn_mul
calls=12494 57 
* 879529
* 12494
+18 2204
+4 1102
-2 1102
+2 5510
1250 40016
-76 7208
+1 60024
764 96
+13 48
-1 192
+89 30286
-77 23103
+4 24135
cfi=(138)
cfn=(686)
calls=4827 32 
* 161107
+4 4827
+1 4827
-4 4827
+3 4827
+1 19308
+2 67
+1 67
-1 67
+1 67
-1 67
cfi=(136)
cfn=(682)
calls=67 29 
* 1273
+2 134
+1 201
+4 67
+1 134
-1 4760
+1 9520
1250 642716
-77 19200
1036 4
853 8
-48 19040
cfi=(139)
cfn=(688)
calls=4760 29 
* 84716
* 4760
-45 7636
+1 1909
-1 1909
cfi=(136)
cfn=(682)
calls=1909 29 
* 36271
+2 1909
-1 3818
+1 3818
-19 58005
623 10004
1199 20008
-24 12800
cfi=(126) /build/eglibc-SvCtMH/eglibc-2.19/libio/genops.c
cfn=(698) __overflow
calls=6400 241 
* 249600
* 44800
-2 12800
+77 318160
cfi=(126)
cfn=(698)
calls=63632 241 
* 2484456
* 254528

fl=(114) /build/eglibc-SvCtMH/eglibc-2.19/string/../sysdeps/x86_64/multiarch/memcpy-ssse3-back.S
fn=(592) __memmove_ssse3_back
55 1
+6 1
+1 1
+7 1
+1 1
+23 1
+1 1
+1 1
+1 1
+1 1
+1 1
+1 1
+1 1
+1 1
+1 1
+1 1
+4 1
+2 1
+1 1
+1 1
+1 1
+1 1
+1 1
+1 1
803 1
+1 1
+1 1
+1 1
+1 1
+1 1
+1 1
+1 1
+1 1
+1 1
+1 1
+1 1
+1 1
+1 1
+1 1
+1 1
+1 1
+1 1
+1 1
+1 1
+1 1
+1 1
+1 1
+1 1
+1 1
+1 1
+1 1
+1 1
+1 1
+1 1
+1 1
+1 1
+1 1
+1 4
1996 1
+1 1
+1 1

fl=(72)
fn=(284)
31 5
+2 1
-2 2
+2 3
+2 5

fl=(43)
fn=(180)
54 1
-9 1
+9 1
+3 1
-3 1
+3 5
+95 2
+1 7
+7 3
+4 2
+2 3
+18 2
+5 1
+1 1
+2 1
+1 2
-9 4
+1 5
+1 2
-16 2
+1 1
+2 2
+3 2
31 2
+6 1
-6 1
+7 1
-1 1
+28 1
-27 1
+27 1
-28 1
+2 1
-1 1
+1 1
+26 1
+1 1
-35 4
+35 1
+5 1
-12 1
+12 1
+3 12
+27 1
-42 1
+42 1
+22 1
-64 1
+68 1

fn=(214)
200 42
+4 28

fl=(125)
fn=(842) _IO_file_setbuf@@GLIBC_2.2.5
461 2
+1 1
cfi=(126)
cfn=(844) _IO_default_setbuf
calls=1 +95 
* 51
* 2
+4 2
-1 2
+2 3
+2 1
+1 2

fn=(652) _IO_file_overflow@@GLIBC_2.2.5
824 281524
+1 211143
+7 492663
+35 140762
+3 140066
+3 210099
+1 210099
+1 280132
+4 70033
+1 280132
-45 2
+12 2
+9 4
+8 1
-4 1
+3 2
-2 2
-3 1
+1 2
+5 1
-1 1
+1 3
+1 2
+6 189
-3 348
+1 348
+11 1044
-12 348
cfn=(666) _IO_do_write@@GLIBC_2.2.5
calls=348 509 
* 31592
-31 2
cfi=(126)
cfn=(654) _IO_doallocbuf
calls=1 414 
* 112
+1 6
+33 81
cfn=(666)
calls=27 509 
* 2457
* 81

fn=(700) _IO_file_write@@GLIBC_2.2.5
1254 2618
+2 1870
+11 374
+1 374
-12 748
+5 374
-1 1122
+1 748
cfi=(143)
cfn=(702)
calls=374 81 
* 2618
+1 748
+9 1122
+3 3366

fn=(846) _IO_file_sync@@GLIBC_2.2.5
886 1
+5 1
-5 1
+5 3
+2 1
+1 2
+17 2
+4 2

fn=(650)
1281 20770
+7 20770
-7 145390
+6 41540
+7 64620
+17 4
+4 11810
+5 43076
cfi=(131)
cfn=(672)
calls=10769 61 
* 219541
* 10769
+6 10769
-1 10769
+1 21538
+2 32307
+27 21540
+1 166160
-45 2
+17 3
+4 1392
cfn=(652)
calls=348 824 
* 39388
* 696
+6 696
+1 2088
+2 1044
+11 696
+1 4
cfi=(126)
cfn=(668) _IO_default_xsputn
calls=1 447 
* 75
* 2
-57 32307
+1 21538
+3 32307
+2 71624
-2 67668
+4 1388

fn=(666)
509 375
+2 375
-2 1875
+2 750
+1 6
+11 1496
+7 1496
+8 1870
cfn=(700)
calls=374 1254 
* 16082
* 374
+1 1122
+6 374
-4 374
+4 374
-4 1122
+1 748
+3 374
-34 748
+32 374
-32 374
+1 1496
-1 374
+1 748
+32 748

fn=(658) _IO_file_stat
1222 1
+1 3
cfi=(128)
cfn=(660)
calls=1 34 
* 10

fl=(146)
fn=(718)
73 6400
+12 6400
-12 12800
+2 44800
+18 6400

fl=(137)
fn=(684)
57 137434
+6 12494
-6 24988
+6 12494
+13 12494
-1 24988
+5 12494
+1 24988
+9 37482
cfi=(138)
cfn=(686)
calls=12494 -58 
* 404757
+2 12494
+5 12494
-5 24988
+1 12494
+4 12494
+54 99952

fl=(90)
fn=(390)
46 3
+1 3
cfi=(91)
cfn=(392)
calls=3 -13 
* 110
+2 9
+3 9

fl=(92)
fn=(394)
31 3
-3 3
+3 21
+8 3
-6 6
+7 3

fl=(134)
fn=(678)
20 10004
+1 10004
-2 10004
+1 10004
+3 10004
-2 10004
+1 30012
+1 30012
+1 10004

fl=(126)
fn=(668)
447 1
+4 1
-1 1
-3 5
+3 5
+30 9
cfi=(125)
cfn=(652)
calls=1 824 
* 33
* 2
+2 1
-2 1
-25 8
+29 2
+1 6

fn=(664) _IO_setb
399 5
+1 4
+3 1
+2 4
-3 1
+3 2
+3 4

fn=(838) _IO_cleanup
1010 1
+3 1
-3 2
-48 1
+48 2
+3 1
cfn=(840) _IO_flush_all_lockp
calls=1 822 
* 88
-63 1
+63 1
-63 3
+2 9
+2 2
-1 4
+3 4
+6 16
+8 5
+10 5
cfi=(125)
cfn=(842)
calls=1 461 
* 66
+3 2
+7 3
-40 9
+75 7
-53 1
+4 1
-4 1
+2 1
+1 1
+1 1
-2 1
+3 4
+6 3
+1 8

fn=(840)
822 3
+6 1
-6 5
+6 2
+6 1
-11 1
+10 1
+2 2
+4 2
-1 3
-1 3
+1 3
+3 9
+10 6
+4 3
-2 3
+2 6
+7 3
-27 6
+31 2
+2 2
+4 9
-31 12

fn=(844)
557 5
+1 1
-1 1
+1 1
cfi=(125)
cfn=(846)
calls=1 886 
* 13
* 2
+9 1
-7 1
+7 1
-7 1
400 1
562 1
+1 1
-1 1
+1 1
400 4
+7 1
-5 1
+1 1
+4 1
570 2
+2 1
-2 1
+1 3
+2 4

fn=(698)
241 210096
+2 210096
cfi=(125)
cfn=(652)
calls=70032 824 
* 2313864

fn=(654)
414 3
+1 1
-1 1
+1 1
+6 4
-4 3
+1 3
cfi=(127) /build/eglibc-SvCtMH/eglibc-2.19/libio/filedoalloc.c
cfn=(656) _IO_file_doallocate
calls=1 96 
* 94
* 2

fl=(136)
fn=(682)
29 11980
+1 11980
+2 11980
+1 11980
+1 11980
+12 11980
+1 11980
+1 10004
+1 10004
+1 10004
+1 10004
+1 10004
+6 10004
+1 10004
+1 10004
+3 1976
+1 1976
+1 1976
+1 1976
+1 1976
+1 1976
+1 1976
+5 1976
+1 1976
+1 1976
+1 1976
+1 1976

fl=(127)
fn=(656)
96 5
+15 6
cfi=(125)
cfn=(658)
calls=1 1222 
* 14
* 2
+2 4
+11 3
+4 6
cfi=(129)
cfn=(662)
calls=1 -47 
* 6
* 2
+1 5
cfi=(126)
cfn=(664)
calls=1 399 
* 21
+1 1
+1 5
-13 1
fi=(156) /build/eglibc-SvCtMH/eglibc-2.19/libio/../sysdeps/unix/sysv/linux/sys/sysmacros.h
-77 6
fe=(127)
+77 1
-2 2
+8 1
-3 1
+3 2

fl=(87)
fn=(374)
126 9
+5 1
-5 2
+5 2
cob=(1)
cfi=(2)
cfn=(46)
calls=1 853 
* 2
+2 2
cob=(1)
cfi=(88)
cfn=(382)
calls=1 +49 
* 39
cob=(1)
cfi=(51)
cfn=(208)
calls=1 -99 
* 1363
* 5
+2 2
30 1
+1 1
-1 1
+1 1
+3 2
+5 1
+6 1
-7 1
+2 2
+2 1
-2 1
+2 1
+3 1
+5 7
+2 1
+1 2
-1 1010
+1 2020
+2 4930
+6 11075
+2 8860
+1 16270
+7 2215
-2 2215
+2 5441
-21 2022
+49 3
+1 1
+1 3
+3 2
+37 3
cob=(1)
cfi=(2)
cfn=(48)
calls=1 859 
* 2
+3 9
-28 1
+1 1
+21 2

fl=(133)
fn=(676)
27 10004
-1 10004
+1 10004
+1 20008
+1 10004
+1 10004

fl=(73)
fn=(286)
550 1
+13 1
-13 1
+13 1
-13 1
+13 1
+7 2
+2 3
cfn=(288) handle_intel
calls=1 306 
* 431
+4 2
-4 1
+4 1
cfn=(288)
calls=1 306 
* 470
+2 1
-2 1
-1 1
+3 1
+29 1
-18 1
+18 3
+7 2
+9 20
-9 12
+6 6
-6 3
+6 2
+49 4
+75 2
+2 1
+1 1
+2 1
-3 1
+5 1
-5 1
+4 3
+4 2
+2 1
+1 1
+2 1
-3 1
+5 1
+2 1
-7 1
+4 2
+3 1
-3 1
+3 2
-93 5
-45 2
+6 5
+7 2
+4 4
+2 4
-6 4
+4 1
-2 1
+2 1
-4 3
+4 1
-2 1
+2 1
+15 2
-8 1
+2 2
+1 1
-1 2
+1 1
+1 1

fn=(290) intel_check_word
162 8
+6 4
-7 8
+7 8
-7 4
+7 8
-7 4
+7 4
+2 4
-2 4
+2 12
+2 4
+2 8
-2 6
+2 12
+8 20
+53 16
fi=(74) /build/eglibc-SvCtMH/eglibc-2.19/string/../bits/stdlib-bsearch.h
27 8
+1 16
+3 16
+1 8
fe=(73)
150 16
fi=(74)
31 12
+1 6
fe=(73)
150 12
+3 54
fi=(74)
29 46
+2 46
-2 46
+2 80
+1 40
fe=(73)
150 80
295 8
170 16
-6 2
300 16
fi=(74)
37 8
-8 18
fe=(73)
194 10
+5 10
-5 14
+34 3
-34 15
+5 6
+4 8
+7 8
+3 2
+2 4
-10 2
-2 2
+2 3
+12 2
+2 2
+1 2
-3 2
+2 2
-1 2
-1 2
+2 2
-1 6
+1 2
-2 4

fn=(288)
306 4
-1 4
+17 2
-17 12
+14 2
+1 4
-3 6
+23 10
cfn=(290)
calls=2 162 
* 636
+1 4
+3 10
cfn=(290)
calls=2 162 
* 167
+1 4
-17 4
+5 2
-5 4
+5 2
+2 2
+1 2
-1 4
+27 16

fl=(130)
fn=(670)
168 16
+2 8
+9 56
+9 8

fl=(44)
fn=(182)
37 2
-1 2
fi=(45)
+8 2
fe=(44)
-7 4
fi=(45)
+8 2
fe=(44)
-8 2
fi=(45)
+6 2
+5 6
+1 4
+13 4
-17 6
+3 18
+1 12
+13 12
-17 18
+22 2
fe=(44)
-30 4
+3 4
-3 2
+3 2
cfi=(46)
cfn=(186)
calls=2 -13 
* 14
* 6
+1 6

fl=(138)
fn=(686)
32 39482
+3 39482
+1 39482
+1 39482
+1 39482
+1 39482
+2 39482
+1 39482
+2 39482
+1 39482
+1 39482
+1 39482
+1 23608
+2 21952
+1 21952
+1 21952
+1 21952
+19 1656
+1 1656
+1 1656
+1 1656
+1 1656
+1 1656
+2 15874
+1 15874
+1 15874
+1 15874
+1 15874
+1 15874
+1 15874
+1 15874
+1 15874
+17 1656
+1 1656
+1 1656
+1 1656
+1 1656
+1 1656
+1 1656
+1 1656
+1 1656
+1 1656
+1 1656
+1 1656
-2 15874
+1 15874
+1 15874
+2 17530
+1 17530
+1 17530
+1 17530
+1 17530
+1 17530
+2 17530
+3 17530
-5 21952
+2 21952
+3 21952

fl=(80)
fn=(356)
30 1
+2 1
cfi=(81)
cfn=(358)
calls=1 -6 
* 27

fl=(149)
fn=(744)
104 1
-1 1
+1 2
cfn=(746) __run_exit_handlers
calls=1 -69 
* 5652

fn=(746)
35 8
+5 1
cfi=(150)
cfn=(748)
calls=1 +42 
* 1236
* 1
+6 8
+4 6
+3 1
-1 1
+2 5
+33 1
+1 1
-1 1
+1 1
+6 2
+1 5
cfi=(126)
cfn=(838)
calls=1 1010 
* 255
* 3
+2 2
cfi=(154)
cfn=(848)
calls=1 -69 
* 5
-19 1
+4 2
-2 2
+2 1
cob=(1)
cfi=(151)
cfn=(756)
calls=1 +49 
* 4102
+1 1

fl=(108)
fn=(522)
32 1
+1 1
+2 1
+1 1
+1 1
+1 1
+1 1

fl=(96)
fn=(452)
53 19
+1 19
+1 19
+1 19
+1 19
+2 19
+1 19
+17 19
+1 19
+1 19
+1 19
+1 19
+1 19
+1 19
+1 19
+1 19
+1 19
+1 19
+1 19
+1 19
+1 38
+3 19
+1 19
+1 19
+1 19
+1 19
+1 19
+1 19
-6 3989
+1 3989
+1 3989
+1 3989
+1 3989
+1 3989
+1 3989
+1 19

fl=(71)
fn=(282)
24 1
+1 1
+1 1
+1 1
+1 1
+1 1
+1 1
+1 1
+1 1
+1 1
+1 1
+1 1
+1 1
+1 1
+1 1
+1 1
+1 1
+11 1
+1 1
+1 1
+1 1
+1 1
+1 1
+1 1
+1 1
+1 1
+1 1
+1 1
+1 1
+1 1
+1 1
+1 1
+1 1
+1 1
+1 1
+1 1
+1 1
+1 1
+1 1
+1 1
+1 1
+1 1
+1 1
+1 1
+1 1
+1 1
+1 1
+1 1
+1 1
+1 1
+1 1
+1 1
+1 1
+1 1

fl=(122)
fn=(644)
26 208374
+4 50020
-4 754
+4 143624
+1 21516
+1 21516
+2 10758
+1 32274
-1 53790
+1 10758
cfi=(123)
cfn=(646)
calls=10758 235 
* 20059911
+3 10758
-3 10758
+3 10758
+1 21516
fi=(144) /build/eglibc-SvCtMH/eglibc-2.19/debug/../libio/libioP.h
913 10758
+1 21516
+1 86064
fe=(122)
43 64548

ob=(6)
fl=(119)
fn=(624)
184 200000
-4 1400000
+7 900000
-40 300000
+1 300000
-1 600000
+5 300000
+3 300000
-3 600000
+6 900000
+5 2700000
cfi=(120) /home/biczokrf/libpll/src/core_partials.c
cfn=(630) pll_core_update_partial_ii
calls=300000 522 
* 12519000711
cob=(1)
cfi=(51)
cfn=(208)
calls=1 34 
* 667
* 300004
+21 600000
+29 800000
-81 600000
+3 300000
+9 300000
-12 300000
+1 600000
+1 600000
+1 300000
+1 300000
-2 300000
+2 300000
+7 300000
-3 300000
+3 600000
+18 600000

fl=(94)
fn=(618) pll_aligned_free
132 18
cob=(3)
cfi=(84)
cfn=(508)
calls=18 2919 
* 3777
* 18

fn=(736)
829 1
cfn=(738) dealloc_partition_data
calls=1 32 
* 4966

fn=(738)
32 4
+3 2
+2 2
cob=(3)
cfi=(84)
cfn=(508)
calls=1 2919 
* 89
* 1
+1 2
cob=(3)
cfi=(84)
cfn=(508)
calls=1 2919 
* 89
* 1
+1 2
cob=(3)
cfi=(84)
cfn=(508)
calls=1 2919 
* 85
* 1
+1 3
+1 1
cob=(3)
cfi=(84)
cfn=(508)
calls=1 2919 
* 89
* 1
+1 3
+5 3
+1 3
+2 1
cob=(3)
cfi=(84)
cfn=(508)
calls=1 2919 
* 89
* 1
+2 3
+3 1
cob=(3)
cfi=(84)
cfn=(508)
calls=1 2919 
* 7
* 1
+2 3
+3 3
+3 3
+3 3
+2 2
+1 1
-1 1
+2 4
+1 1
-1 1
+1 2
cfn=(618)
calls=1 +61 
* 123
* 1
* 8
-1 8
+1 16
cfn=(618)
calls=8 +61 
* 984
* 8
-1 45
+3 1
cob=(3)
cfi=(84)
cfn=(508)
calls=1 2919 
* 85
* 1
+2 3
+3 2
cfn=(618)
calls=1 +54 
* 720
* 1
* 1
+2 1
cob=(3)
cfi=(84)
cfn=(508)
calls=1 2919 
* 85
* 1
+2 3
+1 5
+1 1
-1 1
+1 2
cfn=(618)
calls=1 +48 
* 140
* 1
-1 3
+2 1
cob=(3)
cfi=(84)
cfn=(508)
calls=1 2919 
* 85
* 1
+2 3
+1 5
+1 1
-1 1
+1 2
cfn=(618)
calls=1 +43 
* 421
* 1
-1 3
+2 1
cob=(3)
cfi=(84)
cfn=(508)
calls=1 2919 
* 85
* 1
+2 3
+1 5
+1 1
-1 1
+1 2
cfn=(618)
calls=1 +38 
* 353
* 1
-1 3
+2 1
cob=(3)
cfi=(84)
cfn=(508)
calls=1 2919 
* 85
* 1
+2 3
+1 5
+1 1
-1 1
+1 2
cfn=(618)
calls=1 +33 
* 359
* 1
-1 3
+2 1
cob=(3)
cfi=(84)
cfn=(508)
calls=1 2919 
* 85
* 1
+2 3
+1 5
+1 1
-1 1
+1 2
cfn=(618)
calls=1 +28 
* 343
* 1
-1 3
+2 1
cob=(3)
cfi=(84)
cfn=(508)
calls=1 2919 
* 85
* 1
+2 3
+1 1
cob=(3)
cfi=(84)
cfn=(508)
calls=1 2919 
* 85
* 1
+3 1
-1 1
+1 2
-1 1
cob=(3)
cfi=(84)
cfn=(508)
calls=1 2919 
* 137
* 1

fn=(402)
408 11
+5 1
-5 2
+5 2
cfi=(76)
cfn=(404) __popcountdi2
calls=1 0 
* 69
* 2
+8 2
cob=(3)
cfi=(84)
cfn=(368)
calls=1 2878 
* 184
cob=(1)
cfi=(51)
cfn=(208)
calls=1 34 
* 925
* 5
+1 1
-1 1
+1 1
+8 1
+1 1
+3 1
-3 1
+1 2
+2 1
+7 2
+7 2
+26 1
+26 1
+7 1
-38 1
-1 1
+39 1
-41 1
+1 1
+7 1
+1 1
-7 1
+1 1
+1 1
+2 1
+3 1
+26 3
+1 1
-29 1
+29 1
-25 1
+1 1
+24 1
-23 1
+2 1
+1 1
+1 1
+2 1
+1 1
+1 1
+1 1
+1 1
+3 1
+1 1
+1 1
+1 1
+4 1
+3 1
+5 1
cob=(3)
cfi=(84)
cfn=(422)
calls=1 3163 
* 234
cob=(1)
cfi=(51)
cfn=(208)
calls=1 34 
* 897
* 5
+2 1
-2 1
+2 1
+8 4
cob=(3)
cfi=(84)
cfn=(422)
calls=1 3163 
* 245
* 1
+2 1
-2 1
+2 4
+13 4
+16 8
-2 3
fi=(95) /usr/include/x86_64-linux-gnu/bits/string3.h
84 18
fe=(94)
532 9
fi=(95)
84 9
cob=(3)
cfi=(96)
cfn=(452)
calls=9 -31 
* 9594
cob=(1)
cfi=(51)
cfn=(208)
calls=1 -50 
* 890
* 13
fe=(94)
532 44
+2 40
cfn=(428) pll_aligned_alloc
calls=8 114 
* 4544
* 8
* 5
cfn=(428)
calls=1 114 
* 1438
cob=(1)
cfi=(51)
cfn=(208)
calls=1 34 
* 595
* 5
* 9
+3 36
825 8
448 7
+3 1
-1 1
+1 7
552 3
cob=(3)
cfi=(84)
cfn=(422)
calls=1 3163 
* 242
* 1
+2 1
-2 2
+2 1
+12 2
+1 1
-1 2
+1 1
-1 2
+2 2
-1 2
cfn=(428)
calls=1 114 
* 707
* 1
+4 1
-4 1
+4 3
+7 19
+1 15
-1 5
+1 5
-1 5
+1 3
-1 1
+1 1
-1 3
+7 1
fi=(95)
84 1
fe=(94)
584 1
fi=(95)
84 1
cob=(3)
cfi=(96)
cfn=(452)
calls=1 -31 
* 9816
* 1
fe=(94)
589 5
cob=(3)
cfi=(84)
cfn=(422)
calls=1 3163 
* 223
* 1
+2 1
-2 1
+2 1
+9 7
fi=(95)
84 2
fe=(94)
600 1
fi=(95)
84 1
cob=(3)
cfi=(96)
cfn=(452)
calls=1 -31 
* 366
* 1
fe=(94)
600 3
+2 5
cfn=(428)
calls=1 114 
* 568
* 1
* 1
+3 4
825 1
619 3
cob=(3)
cfi=(84)
cfn=(422)
calls=1 3163 
* 223
* 1
+2 1
-2 1
+2 1
+9 7
fi=(95)
84 2
fe=(94)
630 1
fi=(95)
84 1
cob=(3)
cfi=(96)
cfn=(452)
calls=1 -31 
* 366
* 1
fe=(94)
630 3
+2 5
cfn=(428)
calls=1 114 
* 568
* 1
* 1
+3 4
448 1
cfi=(95)
cfn=(416) pll_hardware_probe
calls=1 84 
* 50
cob=(1)
cfi=(51)
cfn=(208)
calls=1 34 
* 603
* 5
* 3
-14 1
648 3
cob=(3)
cfi=(84)
cfn=(422)
calls=1 3163 
* 223
* 1
+2 1
-2 1
+2 1
+9 6
fi=(95)
84 2
fe=(94)
659 1
fi=(95)
84 1
cob=(3)
cfi=(96)
cfn=(452)
calls=1 -31 
* 37
* 1
fe=(94)
659 3
+2 5
cfn=(428)
calls=1 114 
* 399
* 1
* 1
+2 4
+7 1
+7 3
cob=(3)
cfi=(84)
cfn=(422)
calls=1 3163 
* 223
* 1
+2 1
-2 1
+2 1
+9 13
+2 5
cfn=(428)
calls=1 114 
* 637
* 1
* 1
+3 3
+7 1
+6 3
cob=(3)
cfi=(84)
cfn=(422)
calls=1 3163 
* 223
* 1
+2 1
-2 1
+2 1
+9 6
fi=(95)
84 2
fe=(94)
717 1
fi=(95)
84 1
cob=(3)
cfi=(96)
cfn=(452)
calls=1 -31 
* 30
* 1
fe=(94)
717 3
+2 5
cfn=(428)
calls=1 114 
* 366
* 1
* 1
+2 4
+16 5
cob=(3)
cfi=(84)
cfn=(422)
calls=1 3163 
* 139
* 1
+1 1
-1 1
+1 1
+11 3
cob=(3)
cfi=(84)
cfn=(422)
calls=1 3163 
* 145
* 1
+1 1
-1 1
+1 1
+3 26
+1 3
-1 2
+1 6
+13 3
cob=(3)
cfi=(84)
cfn=(422)
calls=1 3163 
* 223
* 1
+2 1
-2 1
+2 1
+11 3
cob=(3)
cfi=(84)
cfn=(368)
calls=1 2878 
* 97
* 1
+2 1
-2 1
+2 1
+9 52
+2 5
+3 4
cob=(3)
cfi=(84)
cfn=(422)
calls=1 3163 
* 223
* 1
+2 1
-2 1
+2 1
+9 2
576 2
426 2
753 5
+38 3

fn=(428)
114 36
+6 36
cob=(3)
cfi=(84)
cfn=(434)
calls=18 5013 
* 9523
cob=(1)
cfi=(51)
cfn=(208)
calls=1 -86 
* 1033
* 22
* 54
+5 54

fn=(566)
977 50
+3 10
-10 5
+35 35
-83 5
-3 5
+3 5
-3 5
+3 5
+2 30
-2 10
+11 375
+2 75
+1 75
-1 300
-2 150
+2 1425
+1 1425
-1 5700
-2 2850
+8 150
-1 75
+1 225
+2 300
fi=(95)
51 150
fe=(94)
943 300
-2 150
+2 150
fi=(95)
51 150
cob=(3)
cfi=(109)
cfn=(524)
calls=150 -26 
* 9525
* 150
fe=(94)
943 150
fi=(95)
51 75
fe=(94)
943 150
-2 75
+2 75
fi=(95)
51 75
cob=(3)
cfi=(109)
cfn=(524)
calls=75 -26 
* 4680
* 75
fe=(94)
945 225
-4 225
+4 225
-4 675
-19 225
+2 420
+26 15

fl=(121) /home/biczokrf/libpll/src/core_partials_avx2.c
fn=(636) pll_core_update_partial_ii_avx2
535 900000
+6 300000
-6 300000
+6 300000
-6 2700000
+7 300000
-7 300000
+7 300000
+3 300000
-10 1800000
+7 300000
-7 1200000
+10 300000
+23 600000
+15 300000
-3 900000
+3 1200000
734 6000000
588 63000000
+4 90000000
+16 18000000
-8 18000000
+19 18000000
-11 18000000
+6 18000000
-15 18000000
-1 18000000
-1 18000000
+12 18000000
+6 18000000
-19 18000000
-1 18000000
-1 18000000
-1 18000000
+17 18000000
+6 54000000
+4 18000000
-1 18000000
+38 18000000
fi=(117) /usr/lib/gcc/x86_64-linux-gnu/4.8/include/avxintrin.h
823 18000000
fe=(121)
658 18000000
fi=(117)
823 18000000
fi=(157) /usr/lib/gcc/x86_64-linux-gnu/4.8/include/fmaintrin.h
47 162000000
fe=(121)
619 36000000
-11 72000000
-8 72000000
+19 72000000
-11 72000000
+6 72000000
-15 72000000
-1 72000000
-1 72000000
+12 72000000
+6 72000000
-19 72000000
-1 72000000
-1 72000000
-1 72000000
+17 72000000
+6 216000000
+4 72000000
-1 72000000
+38 72000000
fi=(117)
823 72000000
fe=(121)
658 72000000
fi=(117)
823 72000000
fi=(157)
47 648000000
fe=(121)
619 144000000
+1 360000000
-1 360000000
+38 360000000
fi=(117)
823 360000000
fe=(121)
658 360000000
fi=(117)
823 360000000
fi=(157)
47 3240000000
fe=(121)
619 720000000
fi=(117)
1038 90000000
829 90000000
1038 90000000
+6 180000000
118 90000000
1038 90000000
118 90000000
1044 90000000
118 90000000
644 90000000
171 90000000
1038 90000000
+6 90000000
118 180000000
644 90000000
171 90000000
-53 90000000
289 90000000
+85 90000000
1152 90000000
fe=(121)
701 90000000
+2 90000000
592 180000000
fi=(117)
829 90000000
fe=(121)
592 90000000
+66 72000000
-1 144000000
+49 36000000
+12 36000000
+5 54000000
+1 18000000
+2 36000000
+1 18000000
+1 18000000
588 72000000
733 18000000
583 13800000
744 2400000
570 900000

fl=(95)
fn=(416)
84 18
fi=(158) /home/biczokrf/libpll/src/hardware.c
+32 1
-4 1
+13 1
-9 4
+1 3
+1 3
+1 3
+1 3
+1 3
+1 3
+1 1
+1 1
-1 1
+1 1
+44 1
-45 1
+45 1
fe=(95)

fl=(116) /home/biczokrf/libpll/src/core_pmatrix_avx2.c
fn=(604) pll_core_update_pmatrix_20x20_avx2
49 8
+13 1
-13 3
+13 2
-13 5
+13 2
cfi=(94)
cfn=(428)
calls=1 +52 
* 458
* 1
+1 2
-1 1
+1 1
cfi=(94)
cfn=(428)
calls=1 +51 
* 568
* 1
+3 2
-3 2
+3 1
cob=(3)
cfi=(84)
cfn=(422)
calls=1 3163 
* 223
* 1
+1 2
-1 1
+1 1
cob=(3)
cfi=(84)
cfn=(422)
calls=1 3163 
* 139
* 1
+2 1
-2 1
+2 4
284 9
69 4
+14 17
+4 20
+4 7
cfi=(94)
cfn=(428)
calls=1 +23 
* 505
* 1
+2 5
+15 1
+1 1
-1 3
-10 3
+14 4
-1 2
+1 1
-1 1
-13 57
+14 76
-1 38
+1 19
-1 19
+1 1520
-1 760
+1 380
-1 380
-2 80
-26 3
+34 1
+1 1
-1 1
-34 1
+38 4
cob=(3)
cfi=(84)
cfn=(508)
calls=1 2919 
* 89
* 1
+7 4
+2 20
+3 1
fi=(117)
1246 2
fe=(116)
133 3
+3 3
-3 3
fi=(117)
1246 6
fe=(116)
133 9
+3 29
+2 4
+6 12
-6 4
+6 4
-6 12
+1 8
+1 12
+1 8
+3 4
-8 12
+2 12
+6 36
-6 12
+6 12
-6 36
+1 24
+1 36
+1 24
+3 28
+3 32
-11 84
+27 16
fi=(117)
1246 48
fe=(116)
163 16
fi=(117)
829 64
fe=(116)
191 32
cob=(4)
cfi=(118)
cfn=(612)
calls=16 -55 
* 947
cob=(1)
cfi=(51)
cfn=(208)
calls=1 34 
* 997
* 20
* 608
cob=(4)
cfi=(118)
cfn=(612)
calls=304 -55 
* 17848
* 304
* 640
-1 656
fi=(117)
823 16
fe=(116)
201 16
fi=(117)
823 80
289 16
fe=(116)
-88 48
fi=(117)
+88 64
829 80
fe=(116)
201 32
fi=(117)
+88 304
fe=(116)
-88 912
fi=(117)
+88 1216
829 1520
fe=(116)
201 656
fi=(117)
823 112
289 16
fe=(116)
-28 32
fi=(117)
+28 48
fi=(157)
47 128
fi=(117)
1038 16
fi=(157)
47 16
fi=(117)
1044 16
fi=(157)
47 112
fi=(117)
1038 16
+6 16
118 32
644 16
171 16
-53 16
829 16
fe=(116)
231 32
fi=(117)
823 2128
289 304
fe=(116)
-28 608
fi=(117)
+28 912
fi=(157)
47 2432
fi=(117)
1038 304
fi=(157)
47 304
fi=(117)
1044 304
fi=(157)
47 2128
fi=(117)
1038 304
+6 304
118 608
644 304
171 304
-53 304
829 304
fe=(116)
231 608
fi=(117)
+58 1280
fe=(116)
-28 2560
fi=(117)
+28 3840
fi=(157)
47 10240
fi=(117)
1038 1280
fi=(157)
47 1280
fi=(117)
1044 1280
fi=(157)
47 8960
fi=(117)
1038 1280
+6 1280
118 2560
644 1280
171 1280
-53 1280
829 1280
fe=(116)
231 2560
-9 1664
+47 48
-2 32
+2 912
-2 624
fi=(117)
+22 32
fe=(116)
176 16
fi=(117)
829 16
289 32
fe=(116)
176 16
fi=(117)
829 16
289 32
fe=(116)
176 16
fi=(117)
829 16
289 32
fe=(116)
176 16
fi=(117)
829 32
289 48
fe=(116)
176 20
-48 12
+2 34
276 3
cfi=(94)
cfn=(618)
calls=1 132 
* 138
cob=(1)
cfi=(51)
cfn=(208)
calls=1 34 
* 587
* 5
+1 2
cfi=(94)
cfn=(618)
calls=1 132 
* 123
* 1
+2 8
+1 13
cfi=(94)
cfn=(618)
calls=1 132 
* 109
* 1
* 4
-1 8
+3 1
+1 1
-1 1
cob=(3)
cfi=(84)
cfn=(508)
calls=1 2919 
* 89
* 1
+1 1

fl=(106)
fn=(514)
369 2
+1 1
fi=(95)
51 1
fe=(106)
369 3
+1 1
fi=(95)
51 1
fe=(106)
370 2
fi=(95)
51 1
cob=(3)
cfi=(109)
cfn=(524)
calls=1 -26 
* 58
cob=(1)
cfi=(51)
cfn=(208)
calls=1 -17 
* 893
* 5
fe=(106)
373 2
+1 4

fn=(530)
392 1
+3 1
-3 1
fi=(95)
51 1
fe=(106)
392 3
+1 1
+2 1
fi=(95)
51 1
fe=(106)
393 3
+2 1
fi=(95)
51 1
cob=(3)
cfi=(109)
cfn=(524)
calls=1 -26 
* 300
* 1
fe=(106)
397 2
+3 4

fn=(584) pll_update_eigen
253 9
+5 5
+6 1
-6 2
+1 3
+1 3
+1 2
+1 2
+3 1
-4 1
+4 1
-74 5
+1 4
cob=(3)
cfi=(84)
cfn=(368)
calls=1 2878 
* 177
* 1
+1 2
fi=(95)
51 4
cob=(3)
cfi=(109)
cfn=(524)
calls=1 -26 
* 300
* 1
fe=(106)
198 2
fi=(95)
51 1
fe=(106)
198 6
+1 193
+1 756
-1 378
+1 4
-1 2
+4 7
cob=(3)
cfi=(84)
cfn=(368)
calls=1 2878 
* 184
* 1
+1 1
-1 1
+1 3
+7 4
+1 11
cob=(3)
cfi=(84)
cfn=(368)
calls=1 2878 
* 184
* 1
* 38
cob=(3)
cfi=(84)
cfn=(368)
calls=19 2878 
* 3496
* 19
* 80
-1 40
+3 11
+11 102
+5 1
-5 4
+5 96
+2 513
+1 1539
-1 38
+1 361
-3 190
+3 190
+2 190
-5 190
+3 190
+1 570
+1 190
-1 380
+1 570
-5 347
+11 343
+3 180
-14 60
+14 1480
-2 40
+4 4
cob=(3)
cfi=(84)
cfn=(508)
calls=1 2919 
* 121
* 1
+31 3
cob=(3)
cfi=(84)
cfn=(368)
calls=1 2878 
* 322
* 1
+1 1
-1 1
+1 1
cob=(3)
cfi=(84)
cfn=(368)
calls=1 2878 
* 164
* 1
+1 1
-1 1
+1 3
+52 48
-88 60
+36 3
105 4
+6 1
-4 1
+26 1
-22 2
+22 5
-22 91
+3 18
-1 36
+1 72
-1 18
+1 171
-1 342
+1 684
-1 171
+2 90
+39 18
-47 36
+4 18
+43 18
-43 18
+42 7
+4 1
-3 1
+2 1
-3 1
+9 1
-54 7
+54 160
+2 108
+6 216
-62 90
+60 18
-1 36
+1 72
-1 18
+3 171
-62 855
+60 171
-1 342
+1 684
-1 171
+1 2280
-1 4560
+1 9120
-1 5353
+3 14521
-6 567
+9 18
+1 18
-1 18
+1 18
-1 18
-3 36
+6 18
-1 36
+1 54
-1 18
-5 2
+6 1
-1 2
+1 3
-1 1
+1 171
-1 342
+1 513
-1 209
-16 95
-44 54
+6 36
-2 54
+2 54
+1 36
-3 18
+2 342
-2 513
+2 513
+1 342
-3 171
+5 36
+1 36
-1 36
+1 18
-1 18
+1 48
+2 10
+1 10
+2 10
-4 10
+1 10
-1 10
+1 30
+1 10
+1 10
-1 30
+4 10
+2 10
-2 40
+1 20
+2 10
-1 20
+1 40
-1 10
-7 8
+1 8
+2 8
-4 8
+1 8
-1 8
+1 24
+1 8
+1 8
-1 24
+4 8
+2 8
-2 32
+1 16
+2 8
-1 16
+1 32
-1 8
-2 171
+2 171
-2 684
+1 342
+2 171
-1 342
+1 684
-1 171
+1 1140
-1 2280
+1 4560
-1 1140
+2 738
+1 684
-1 171
+1 342
-1 171
+1 3876
-1 969
+1 1938
-1 969
+2 171
-8 171
+8 171
+1 684
-1 18
+3 18
-3 18
+1 18
+3 18
-3 18
+2 18
-2 18
+2 36
+3 18
+1 18
-1 18
+3 18
-2 54
+1 36
+2 18
-1 36
+1 180
-1 18
-3 171
+1 171
-1 171
+3 171
-2 513
+1 342
+2 171
-1 342
+1 1710
-1 171
+1 1140
-1 2280
+1 11400
-1 1140
-5 774
+25 40
+3 120
-1 40
+1 420
-1 160
+4 2
+1 2
+1 2
-2 4
+1 2
-1 2
+2 4
-16 6
29 2
+1 7
cob=(3)
cfi=(114)
cfn=(592)
calls=1 +25 
* 64
cob=(1)
cfi=(51)
cfn=(208)
calls=1 +4 
* 921
* 5
* 3
+2 1
+19 2
-17 2
+7 2
-9 5
+17 180
-8 3332
+1 2380
-3 1497
+6 126
-11 68
295 2
fi=(95)
51 5
fe=(106)
295 1
fi=(95)
51 1
cob=(3)
cfi=(109)
cfn=(524)
calls=1 -26 
* 69
* 1
fe=(106)
295 38
fi=(95)
51 95
fe=(106)
295 19
fi=(95)
51 19
cob=(3)
cfi=(109)
cfn=(524)
calls=19 -26 
* 1201
* 19
* 20
fe=(106)
294 80
fi=(95)
51 7
cob=(3)
cfi=(109)
cfn=(524)
calls=1 -26 
* 69
* 1
* 2
fe=(106)
301 10
+2 80
+1 760
-1 380
+1 760
-1 380
+1 380
-1 380
+1 20
-1 20
+1 40
-1 20
+1 20
-1 20
-2 20
+6 20
-6 40
+9 11
-9 2
+14 6
-5 19
-9 38
+14 3194
-1 400
+1 400
-1 440
-1 48
-3 3
+10 6
-7 19
-3 57
+10 3594
-1 400
+1 400
-1 400
-1 80
+4 5
+3 2
-3 2
+2 2
cob=(3)
cfi=(84)
cfn=(508)
calls=1 2919 
* 119
* 1
+1 3
cob=(3)
cfi=(84)
cfn=(508)
calls=1 2919 
* 154
* 1
* 2
+2 3
cob=(3)
cfi=(84)
cfn=(508)
calls=1 2919 
* 119
* 1
* 57
cob=(3)
cfi=(84)
cfn=(508)
calls=19 2919 
* 2642
* 19
-1 41
+2 2
cob=(3)
cfi=(84)
cfn=(508)
calls=1 2919 
* 127
* 1
+2 2
125 16
-76 172
+1 43
-1 172
+1 258
+1 407
+4 21
-2 21
-2 42
+4 21
-4 22
+4 22
-2 22
-2 44
+4 22
-3 129
+5 43
+2 43
-2 86
+2 43
-2 43
+1 43
+1 172
-2 414
+2 414
-2 828
+2 414
-2 414
+1 414
+1 1656
+2 109
+1 109
-1 109
+1 545
+1 327
+1 327
+9 109
+1 327
-1 218
+1 109
+4 109
-5 109
+2 109
-1 436
+1 109
+2 218
-1 109
+1 109
-1 218
+4 109
+1 109
-3 109
+2 218
+1 109
-3 109
+3 109
-1 109
+1 218
+1 109
-1 218
+1 436
-4 109
-5 348
+1 1044
-1 696
+1 348
+4 348
-5 348
+2 348
-1 1392
+1 348
+2 696
-1 348
+1 348
-1 696
+4 348
+1 348
-3 348
+2 696
+1 348
-3 348
+3 348
-1 348
+1 696
+1 348
-1 696
+1 1392
-4 348
+2 8683
+1 8683
-3 8683
+2 17366
+1 8683
-3 8683
+3 8683
-1 8683
+1 17366
+1 8683
-1 17366
+1 34732
-4 8683
-23 1742
+13 348
+1 2088
+2 348
-1 696
+1 348
-1 348
+1 739
+15 43
+1 43
+1 86
-2 86
-44 495
+9 88

fn=(578)
338 12
+4 14
+2 28
+2 2
cfn=(584)
calls=1 -93 
* 330386
cob=(1)
cfi=(51)
cfn=(208)
calls=1 34 
* 595
* 5
* 3
-4 3
+9 18
cfi=(115) /home/biczokrf/libpll/src/core_pmatrix.c
cfn=(598) pll_core_update_pmatrix
calls=1 36 
* 95304
cob=(1)
cfi=(51)
cfn=(208)
calls=1 34 
* 643
* 5
+13 8

fn=(572)
378 1
fi=(95)
51 1
fe=(106)
379 2
fi=(95)
51 1
cob=(3)
cfi=(109)
cfn=(524)
calls=1 -26 
* 16
* 1
fe=(106)

fl=(145)
fn=(712)
29 32
+6 4
-3 4
+1 4
-4 4
+6 4
-3 4
+1 4
+2 28
-3 8
+5 8
+1 4
-1 16
+1 4
-1 24
+1 12
-1 48
+1 60
+2 1600
+1 320
fi=(147) /usr/include/x86_64-linux-gnu/bits/stdio2.h
+63 2240
cob=(3)
cfi=(122)
cfn=(644)
calls=320 -78 
* 661340
cob=(1)
cfi=(51)
cfn=(208)
calls=1 -70 
* 1031
* 324
fe=(145)
-63 6080
fi=(147)
+63 42560
cob=(3)
cfi=(122)
cfn=(644)
calls=6080 -78 
* 12519199
* 6080
fe=(145)
-64 12800
fi=(147)
+64 960
fe=(145)
-66 320
fi=(147)
+66 320
cob=(3)
cfi=(122)
cfn=(644)
calls=320 -78 
* 121920
* 320
fe=(145)
-66 1280
fi=(147)
+66 64
cob=(3)
cfi=(122)
cfn=(644)
calls=16 -78 
* 6096
* 16
* 32
fe=(145)
-69 104
+11 32

fn=(728)
60 15
+5 3
-5 6
+3 3
+2 3
-5 3
+3 3
-3 3
+3 3
+2 3
+1 3
+1 3
+4 3
-5 3
+1 3
+1 6
+3 3
fi=(147)
+33 12
cob=(3)
cfi=(122)
cfn=(644)
calls=3 -78 
* 750
* 3
fe=(145)
-28 33
fi=(147)
+28 15
cob=(3)
cfi=(122)
cfn=(644)
calls=3 -78 
* 735
* 3
* 210
cob=(3)
cfi=(122)
cfn=(644)
calls=42 -78 
* 10290
* 42
fe=(145)
-25 225
+6 45
-6 135
+6 135
fi=(147)
+19 225
cob=(3)
cfi=(122)
cfn=(644)
calls=45 -78 
* 11025
* 45
* 675
cob=(3)
cfi=(122)
cfn=(644)
calls=135 -78 
* 33075
* 135
fe=(145)
-22 900
+2 180
+1 180
-1 180
+1 180
-1 3240
+1 3240
-1 3240
+1 3240
fi=(147)
+19 13680
fe=(145)
-22 6840
fi=(147)
+22 3420
cob=(3)
cfi=(122)
cfn=(644)
calls=3420 -78 
* 7056712
* 3420
fe=(145)
-22 10440
+6 180
+1 180
-1 180
+1 180
fi=(147)
+15 1080
cob=(3)
cfi=(122)
cfn=(644)
calls=180 -78 
* 369521
* 180
fe=(145)
-13 720
fi=(147)
+13 540
cob=(3)
cfi=(122)
cfn=(644)
calls=135 -78 
* 33075
* 135
* 135
fe=(145)
-25 900
fi=(147)
+25 225
cob=(3)
cfi=(122)
cfn=(644)
calls=45 -78 
* 11250
* 45
* 90
fe=(145)
-28 270
+20 3
fi=(147)
+8 6
fe=(145)
-8 18
fi=(147)
+8 6
cob=(3)
cfi=(122)
cfn=(644)
calls=3 -78 
* 1143
* 3
fe=(145)

fl=(97)
fn=(470) PointChi2.part.2
160 3
+14 3
-66 3
+66 3
-14 6
-52 3
+66 6
-66 3
+3 12
-1 3
+3 12
+2 3
-2 9
+2 18
-2 54
+6 15
+2 3
cob=(4)
cfi=(98)
cfn=(464)
calls=3 -93 
* 450
* 3
* 15
+3 6
+2 3
-2 6
+2 3
-2 3
+2 3
cob=(4)
cfi=(98)
cfn=(464)
calls=3 -98 
* 465
* 3
* 9
+1 3
-1 6
+50 6
-50 3
+1 6
-1 3
+50 3
-49 3
-1 3
+1 9
+1 6
-2 6
+51 6
cob=(4)
cfi=(98)
cfn=(464)
calls=3 28 
* 463
* 3
* 12
+6 4
+32 9
46 72
cfn=(498) IncompleteGamma.part.1
calls=6 -19 
* 2179
198 42
+7 36
cob=(4)
cfi=(98)
cfn=(464)
calls=6 28 
* 955
* 6
* 66
cob=(4)
cfi=(100)
cfn=(476)
calls=6 25 
* 708
* 6
-1 6
+2 6
-2 6
+2 18
+2 12
+2 6
-1 6
-4 6
+6 6
-3 6
+3 6
-5 12
+2 6
-2 12
+8 6
-8 12
+2 6
+2 6
-1 6
+2 6
-3 6
+2 6
-1 6
+2 6
-3 6
+2 6
-1 6
+2 6
-3 6
+2 6
-1 6
+2 6
-3 6
+2 6
-2 6
+1 6
+2 6
-1 6
-1 6
-1 12
+1 12
-1 12
+3 12
-3 6
+3 12
-2 6
+1 6
+1 12
+1 6
-1 6
+1 12
-3 6
+3 18
+2 6
-2 6
+1 6
+1 6
-1 6
-1 6
+1 24
+1 84
+1 30
-1 6
-17 6
45 6
197 6
45 12
152 10
+1 8
+41 20
cob=(4)
cfi=(104)
cfn=(490)
calls=2 26 
* 649
* 2
* 6
+1 8
+19 3
+4 6
-39 4
cob=(4)
cfi=(100)
cfn=(476)
calls=1 25 
* 118
cob=(1)
cfi=(51)
cfn=(208)
calls=1 34 
* 967
* 5
* 8
cob=(4)
cfi=(104)
cfn=(490)
calls=1 26 
* 54
cob=(1)
cfi=(51)
cfn=(208)
calls=1 34 
* 975
* 5
+1 2
-1 1
+1 3
-28 6
+3 8
cob=(4)
cfi=(98)
cfn=(464)
calls=2 28 
* 292
* 2
* 6
+1 8
+1 2
-1 4
+1 2
-1 28
+1 2
-2 3
-36 3

fn=(498)
27 36
+22 18
cob=(4)
cfi=(98)
cfn=(464)
calls=9 -21 
* 1449
* 9
* 81
cob=(4)
cfi=(100)
cfn=(476)
calls=9 -24 
* 1062
* 9
+1 9
-1 9
+1 36
+36 45
-32 9
+1 27
+2 9
-2 9
+2 9
-3 56
+1 168
+2 56
-2 56
+2 56
+1 9
+37 9
-37 18
+37 9

fn=(458)
224 7
+14 6
+7 3
-17 2
+21 1
-21 4
+21 1
+14 2
+2 4
cob=(3)
cfi=(84)
cfn=(368)
calls=1 2878 
* 103
* 1
+2 1
-2 1
+2 2
108 1
267 1
108 1
267 2
108 2
+3 1
-1 1
+3 4
+2 1
-2 3
+2 5
-2 15
+6 8
+2 1
cob=(4)
cfi=(98)
cfn=(464)
calls=1 -93 
* 150
cob=(1)
cfi=(51)
cfn=(208)
calls=1 -87 
* 967
* 5
* 8
+3 3
269 1
124 6
+2 2
-2 1
+2 1
cob=(4)
cfi=(98)
cfn=(464)
calls=1 -98 
* 155
* 1
* 1
+1 1
-1 8
+1 2
-1 3
+1 1
-1 3
+1 3
+1 2
-2 2
+46 1
+97 2
-97 3
+98 1
-98 1
+98 3
-98 2
+98 2
-98 2
+98 6
-98 52
cfn=(470)
calls=3 -12 
* 9590
* 30
+98 9
-1 8
106 2
-60 24
cfn=(498)
calls=3 -19 
* 1084
* 12
273 6
-1 6
+1 6
45 12
+1 6
277 1
-2 1
+2 1
-2 1
+2 2
+2 1
-4 2
+2 2
+2 10
+1 2
-1 1
+1 6
+2 2
cob=(3)
cfi=(84)
cfn=(508)
calls=1 2919 
* 85
cob=(1)
cfi=(51)
cfn=(208)
calls=1 34 
* 919
* 5
+10 1
-1 1
+1 6
-12 1
-1 1
+1 4
-1 1
119 1

fl=(76)
fn=(312)
0 31
cfn=(314) __get_cpuid_output
calls=1 0 
0 20
0 13
cfn=(314)
calls=1 0 
0 20
0 34
cfn=(316) get_available_features
calls=1 0 
0 52
0 8

fn=(314)
0 40

fn=(316)
0 52

fn=(798)
0 8
cob=(3)
cfi=(152)
cfn=(784)
calls=1 31 
0 59
cob=(1)
cfi=(51)
cfn=(208)
calls=1 34 
0 1018
0 5
0 1
cfn=(810) 0x00000000000076f0
calls=1 0 
0 9
0 3

fn=(318)
0 16

fn=(404)
0 69

fn=(810)
0 9

fl=(115)
fn=(598)
36 17
+14 1
-14 8
+14 1
-14 1
+36 2
+36 9
+2 2
+31 2
-16 2
+2 15
274 7
127 1
cfi=(116)
cfn=(604)
calls=1 -78 
* 94500
cob=(1)
cfi=(51)
cfn=(208)
calls=1 -93 
* 731
* 5

fl=(120)
fn=(630)
522 900000
+10 300000
-10 4500000
+13 300000
-13 600000
+10 300000
-10 900000
+13 300000
+18 600000
+18 2700000
+2 4500000
681 2100000
573 300000
cfi=(121)
cfn=(636)
calls=300000 -38 
* 12500400000
cob=(1)
cfi=(51)
cfn=(208)
calls=1 34 
* 707
* 300004

ob=(5)
fl=(66)
fn=(266)
0 16

fn=(772)
0 8
cob=(3)
cfi=(152)
cfn=(784)
calls=1 31 
0 59
cob=(1)
cfi=(51)
cfn=(208)
calls=1 34 
0 731
0 5
0 1
cfn=(790) 0x00000000000005c0
calls=1 0 
0 9
0 3

fn=(790)
0 9

totals: 12562014679
