version: 1
creator: callgrind-3.11.0
pid: 58440
cmd:  test/obj/sumtables-aa-benchmark avx2
part: 1


desc: I1 cache: 
desc: D1 cache: 
desc: LL cache: 

desc: Timerange: Basic block 0 - 5445635390
desc: Trigger: Program termination

positions: line
events: Ir
summary: 17669181556


ob=(6) /home/biczokrf/libpll/src/.libs/libpll.so.0.0.0
fl=(106) /home/biczokrf/libpll/src/core_pmatrix.c
fn=(534) pll_core_update_pmatrix
36 648
+14 36
-14 252
+14 36
-14 36
+36 72
+36 324
+2 72
+31 72
-16 36
+16 36
-16 36
+2 504
274 252
127 36
cfi=(107) /home/biczokrf/libpll/src/core_pmatrix_avx2.c
cfn=(540) pll_core_update_pmatrix_20x20_avx2
calls=35 -78 
* 2059245
cob=(1) /lib/x86_64-linux-gnu/ld-2.23.so
cfi=(79) /build/glibc-bfm8X4/glibc-2.23/elf/../sysdeps/x86_64/dl-trampoline.h
cfn=(323) _dl_runtime_resolve_avx'2
calls=1 -63 
* 30386
* 40

fl=(115) /home/biczokrf/libpll/src/core_derivatives.c
fn=(598) pll_core_update_sumtable_ii
137 9360000
+15 720000
+17 720000
+17 3240000
+2 6840000
292 2520000
188 360000
cfi=(116) /home/biczokrf/libpll/src/core_derivatives_avx2.c
cfn=(604) pll_core_update_sumtable_ii_avx2
calls=359999 +65 
* 17313105896
cob=(1)
cfi=(79)
cfn=(323)
calls=1 64 
* 18236
* 360004

fl=(113) /home/biczokrf/libpll/src/core_partials_avx2.c
fn=(574) pll_core_update_partial_ii_avx2
765 1512
+6 108
-6 324
+6 108
-6 216
+6 108
+1 108
-7 216
+7 108
-7 324
+7 108
-7 432
+10 216
+14 216
+1 1404
987 972
790 108
cfn=(580) pll_core_update_partial_ii_20x20_avx2
calls=107 588 
* 2315175
cob=(1)
cfi=(79)
cfn=(323)
calls=1 64 
* 10321
* 112

fn=(580)
588 1836
+8 108
-8 216
+8 108
-8 540
+8 108
-8 216
+17 216
+15 216
742 108
fi=(110) /usr/lib/gcc/x86_64-linux-gnu/5/include/fmaintrin.h
49 108
fe=(113)
742 1728
625 25920
fi=(108) /usr/lib/gcc/x86_64-linux-gnu/5/include/avxintrin.h
836 41040
fi=(110)
49 69120
fi=(108)
836 54720
fi=(110)
49 1247040
fi=(108)
1051 20160
+6 20160
-6 20160
131 20160
fi=(110)
-82 51840
fi=(108)
1051 2160
+6 2160
-6 2160
131 2160
1057 2160
131 2160
fi=(110)
-82 6480
fi=(108)
1051 2160
+6 2160
131 2160
657 2160
184 2160
1051 2160
+6 2160
131 2160
302 2160
657 2160
184 2160
302 4320
842 2160
387 2160
1165 2160
fe=(113)
709 2160
-73 4320
fi=(110)
49 43200
fi=(108)
1051 2880
+6 2880
-6 2880
131 2880
1057 2880
131 2880
fi=(110)
-82 8640
fi=(108)
1051 2880
+6 2880
131 2880
657 2880
184 2880
1051 2880
+6 2880
131 2880
302 2880
657 2880
184 2880
302 5760
842 2880
387 2880
1165 2880
fe=(113)
709 2880
-73 5760
fi=(108)
1057 20160
131 20160
fi=(110)
-82 60480
fi=(108)
1051 20160
+6 20160
131 20160
657 20160
184 20160
1051 20160
+6 20160
131 20160
302 20160
657 20160
184 20160
302 40320
842 20160
387 20160
1165 20160
fe=(113)
709 20160
-73 45360
+78 10080
+12 5040
+8 5040
+1 5040
+1 15120
625 16560
741 12960
620 4428
752 1080
607 324

fl=(111) /home/biczokrf/libpll/src/partials.c
fn=(562) pll_update_partials
184 108
-4 468
-66 108
+70 216
+3 324
+26 288
-81 216
+8 108
+4 108
-12 108
+1 216
+1 324
+1 216
+1 216
+7 324
+4 108
+1 108
-1 216
+5 108
+3 108
-3 216
+6 324
+5 864
cfi=(112) /home/biczokrf/libpll/src/core_partials.c
cfn=(568) pll_core_update_partial_ii
calls=107 522 
* 2328443
cob=(1)
cfi=(79)
cfn=(323)
calls=1 -99 
* 11909
* 112
* 216
-2 216

fl=(77) ???
fn=(304) 0x0000000000007ee0
0 17

fn=(298) __cpu_indicator_init
0 31
cfn=(300) __get_cpuid_output
calls=1 0 
0 20
0 13
cfn=(300)
calls=1 0 
0 20
0 33
cfn=(302) get_available_features
calls=1 0 
0 86
0 8

fn=(300)
0 40

fn=(732) 0x0000000000007e10
0 9

fn=(398) __popcountdi2
0 60

fn=(722) 0x0000000000007ea0
0 8
cob=(2) ???
cfi=(16) ???
cfn=(728) 0x0000000004c31938
calls=1 0 
0 57
0 1
cfn=(732)
calls=1 0 
0 9
0 3

fn=(302)
0 86

fl=(114) /home/biczokrf/libpll/src/derivatives.c
fn=(590) pll_update_sumtable
171 3240000
+7 360000
-7 720000
+7 360000
+6 360000
-1 720000
+6 1440000
+35 1800000
+10 2520000
-10 360000
cfn=(592) sumtable_innerinner
calls=360000 108 
* 17645890844

fn=(592)
108 3240000
+4 360000
-2 360000
-2 1440000
+2 360000
+2 1440000
cob=(3) /lib/x86_64-linux-gnu/libc-2.23.so
cfi=(87) /build/glibc-bfm8X4/glibc-2.23/malloc/malloc.c
cfn=(360) malloc
calls=360000 2902 
* 37446060
* 360000
+2 360000
-2 360000
+2 360000
cob=(3)
cfi=(87)
cfn=(360)
calls=360000 2902 
* 65278764
* 360000
+2 360000
-2 360000
+2 360000
cob=(3)
cfi=(87)
cfn=(360)
calls=360000 2902 
* 58561164
* 360000
+2 360000
-2 360000
+2 2520000
+12 360000
+1 360000
-1 720000
+3 2520000
+2 1080000
+1 720000
+1 1080000
-4 720000
+2 1440000
+1 960000
+1 1440000
-4 960000
+8 360000
+4 360000
-4 5040000
cfi=(115)
cfn=(598)
calls=359999 -4 
* 17337225829
cob=(1)
cfi=(79)
cfn=(323)
calls=1 -77 
* 19023
* 360004
+13 360000
-13 360000
+13 720000
cob=(3)
cfi=(87)
cfn=(498) free
calls=360000 2934 
* 36000000
* 360000
+1 720000
cob=(3)
cfi=(87)
cfn=(498)
calls=360000 2934 
* 36000000
* 360000
+1 720000
cob=(3)
cfi=(87)
cfn=(498)
calls=360000 2934 
* 36000000
* 360000
+2 360000
+1 2880000

fl=(112)
fn=(568)
522 972
+10 108
-10 1080
+13 108
-13 324
+10 108
-10 108
+13 108
+18 216
+18 972
+2 1620
681 756
573 108
cfi=(113)
cfn=(574)
calls=107 765 
* 2321809
cob=(1)
cfi=(79)
cfn=(323)
calls=1 64 
* 11135
* 112

fl=(96) /home/biczokrf/libpll/src/pll.c
fn=(424) pll_aligned_alloc
114 1440312
+6 720156
-6 2160468
+6 720156
cob=(3)
cfi=(87)
cfn=(430) posix_memalign
calls=720155 5021 
* 407971959
cob=(1)
cfi=(79)
cfn=(323)
calls=1 -56 
* 1593
* 720160
* 2160468
+5 4320936

fn=(636) pll_partition_destroy
829 3
cfn=(638) dealloc_partition_data
calls=3 35 
* 13406

fn=(396) pll_partition_create
408 33
+5 3
-5 6
+5 6
cfi=(77)
cfn=(398)
calls=3 0 
* 60
* 6
+8 6
cob=(3)
cfi=(87)
cfn=(360)
calls=2 2902 
* 1970
cob=(1)
cfi=(79)
cfn=(323)
calls=1 64 
* 1300
* 7
+1 3
-1 3
+1 3
+8 3
+1 3
+3 3
-3 3
+1 6
+2 3
+7 6
+7 27
+3 3
-1 3
+1 9
+4 15
+19 3
-5 3
+38 3
-39 3
-2 3
+1 3
+5 3
+2 3
+1 3
-6 3
+1 3
+3 3
+4 3
-2 3
+25 3
-22 3
+1 3
+2 3
+1 3
+17 3
+1 3
-1 6
-16 3
+2 3
+14 3
-13 3
+1 3
+12 3
+3 3
+5 3
-5 6
-14 3
+14 3
-13 3
+3 3
+1 3
+1 3
+1 3
+7 3
+5 3
cob=(3)
cfi=(87)
cfn=(418) calloc
calls=2 3172 
* 288
cob=(1)
cfi=(79)
cfn=(323)
calls=1 64 
* 1328
* 7
+2 3
-2 3
+2 3
+8 12
cob=(3)
cfi=(87)
cfn=(418)
calls=3 3172 
* 558
* 3
+2 3
-2 3
+2 15
+13 12
+14 33
fi=(97) /usr/include/x86_64-linux-gnu/bits/string3.h
90 54
fe=(96)
532 27
fi=(97)
90 27
cob=(3)
cfi=(101) /build/glibc-bfm8X4/glibc-2.23/string/../sysdeps/x86_64/multiarch/memset-avx2.S
cfn=(450) __memset_avx2
calls=26 -52 
* 174200
cob=(1)
cfi=(79)
cfn=(323)
calls=1 -26 
* 1263
* 31
fe=(96)
532 132
+2 120
cfn=(424)
calls=24 114 
* 13840
* 24
* 15
cfn=(424)
calls=2 114 
* 3335
cob=(1)
cfi=(79)
cfn=(323)
calls=1 64 
* 2250
* 7
* 27
+3 108
825 24
458 3
+94 9
cob=(3)
cfi=(87)
cfn=(418)
calls=3 3172 
* 977
* 3
+2 3
-2 3
+2 3
+12 12
+1 6
-1 12
+1 3
-1 3
+1 6
cfn=(424)
calls=3 114 
* 1910
* 3
* 6
+4 12
+7 57
+1 30
-1 15
+1 30
-1 15
+1 6
-1 3
+1 6
-1 9
fi=(97)
90 18
cob=(3)
cfi=(101)
cfn=(450)
calls=3 -52 
* 156776
* 3
fe=(96)
589 12
cob=(3)
cfi=(87)
cfn=(418)
calls=3 3172 
* 708
* 3
+2 3
-2 3
+2 3
+9 21
fi=(97)
90 6
fe=(96)
600 3
fi=(97)
90 3
cob=(3)
cfi=(101)
cfn=(450)
calls=3 -52 
* 579
* 3
fe=(96)
600 9
+2 15
cfn=(424)
calls=3 114 
* 1725
* 3
* 3
+3 12
+14 9
cob=(3)
cfi=(87)
cfn=(418)
calls=3 3172 
* 708
* 3
+2 3
-2 3
+2 3
+9 21
fi=(97)
90 6
fe=(96)
630 3
fi=(97)
90 3
cob=(3)
cfi=(101)
cfn=(450)
calls=3 -52 
* 579
* 3
fe=(96)
630 9
+2 15
cfn=(424)
calls=3 114 
* 1725
* 3
* 3
+3 12
448 1
cob=(1)
cfi=(79)
cfn=(323)
calls=1 64 
* 697
* 5
* 2
648 9
cob=(3)
cfi=(87)
cfn=(418)
calls=3 3172 
* 708
* 3
+2 3
-2 3
+2 3
+9 21
fi=(97)
90 6
fe=(96)
659 3
fi=(97)
90 3
cob=(3)
cfi=(101)
cfn=(450)
calls=3 -52 
* 84
* 3
fe=(96)
659 9
+2 15
cfn=(424)
calls=3 114 
* 1188
* 3
* 3
+2 12
+14 9
cob=(3)
cfi=(87)
cfn=(418)
calls=3 3172 
* 708
* 3
+2 3
-2 3
+2 3
+9 39
+2 15
cfn=(424)
calls=3 114 
* 1935
* 3
* 3
+3 9
+13 9
cob=(3)
cfi=(87)
cfn=(418)
calls=3 3172 
* 708
* 3
+2 3
-2 3
+2 3
+9 18
fi=(97)
90 6
fe=(96)
717 3
fi=(97)
90 3
cob=(3)
cfi=(101)
cfn=(450)
calls=3 -52 
* 84
* 3
fe=(96)
717 9
+2 15
cfn=(424)
calls=3 114 
* 1113
* 3
* 3
+2 12
+16 15
cob=(3)
cfi=(87)
cfn=(418)
calls=3 3172 
* 620
* 3
+1 3
-1 3
+1 3
+11 9
cob=(3)
cfi=(87)
cfn=(418)
calls=3 3172 
* 629
* 3
+1 3
-1 3
+1 3
+3 41
+1 7
-1 4
+14 9
cob=(3)
cfi=(87)
cfn=(418)
calls=3 3172 
* 708
* 3
+2 3
-2 3
+2 3
+11 9
cob=(3)
cfi=(87)
cfn=(360)
calls=3 2902 
* 585
* 3
+2 3
-2 3
+2 3
+9 162
+2 9
+3 12
cob=(3)
cfi=(87)
cfn=(418)
calls=3 3172 
* 708
* 3
+2 3
-2 3
+2 3
+9 6
426 9
753 11
+1 3
-1 2
+1 13
+37 6
-37 1
-1 2
+1 1
-1 2

fn=(638)
35 6
-3 12
+5 6
cob=(3)
cfi=(87)
cfn=(498)
calls=3 2934 
* 300
* 3
+1 6
cob=(3)
cfi=(87)
cfn=(498)
calls=3 2934 
* 300
* 3
+1 6
cob=(3)
cfi=(87)
cfn=(498)
calls=3 2934 
* 300
* 3
+1 9
+1 3
cob=(3)
cfi=(87)
cfn=(498)
calls=3 2934 
* 300
* 3
+1 9
+1 3
cob=(3)
cfi=(87)
cfn=(498)
calls=3 2934 
* 300
* 3
+4 9
+1 9
+2 3
cob=(3)
cfi=(87)
cfn=(498)
calls=3 2934 
* 300
* 3
+2 9
+3 3
cob=(3)
cfi=(87)
cfn=(498)
calls=3 2934 
* 51
* 3
+2 9
+3 9
+3 9
+3 9
+2 6
+1 3
-1 3
+2 12
+1 3
-1 3
+1 6
cfn=(556) pll_aligned_free
calls=3 +61 
* 402
* 3
* 24
-1 24
+1 48
cfn=(556)
calls=24 +61 
* 3250
* 24
-1 135
+3 3
cob=(3)
cfi=(87)
cfn=(498)
calls=3 2934 
* 300
* 3
+2 9
+3 6
cfn=(556)
calls=3 +54 
* 1048
* 3
* 3
+2 3
cob=(3)
cfi=(87)
cfn=(498)
calls=3 2934 
* 300
* 3
+2 9
+1 15
+1 3
-1 3
+1 6
cfn=(556)
calls=3 +48 
* 436
* 3
-1 9
+2 3
cob=(3)
cfi=(87)
cfn=(498)
calls=3 2934 
* 300
* 3
+2 9
+1 15
+1 3
-1 3
+1 6
cfn=(556)
calls=3 +43 
* 758
* 3
-1 9
+2 3
cob=(3)
cfi=(87)
cfn=(498)
calls=3 2934 
* 300
* 3
+2 9
+1 15
+1 3
-1 3
+1 6
cfn=(556)
calls=3 +38 
* 700
* 3
-1 9
+2 3
cob=(3)
cfi=(87)
cfn=(498)
calls=3 2934 
* 300
* 3
+2 9
+1 15
+1 3
-1 3
+1 6
cfn=(556)
calls=3 +33 
* 696
* 3
-1 9
+2 3
cob=(3)
cfi=(87)
cfn=(498)
calls=3 2934 
* 300
* 3
+2 9
+1 15
+1 3
-1 3
+1 6
cfn=(556)
calls=3 +28 
* 676
* 3
-1 9
+2 3
cob=(3)
cfi=(87)
cfn=(498)
calls=3 2934 
* 300
* 3
+2 9
+1 3
cob=(3)
cfi=(87)
cfn=(498)
calls=3 2934 
* 300
* 3
+3 3
-1 3
+1 6
-1 3
cob=(3)
cfi=(87)
cfn=(498)
calls=3 2934 
* 409
* 3

fn=(480) pll_set_tip_states
977 150
+3 30
866 15
1005 105
-83 15
-3 15
+3 15
-3 15
+3 15
+2 120
+9 2100
+2 1200
+1 300
-1 600
-2 600
+2 22800
+1 5700
-1 11400
-2 11400
+8 300
-1 300
+1 900
fi=(97)
53 1000
fe=(96)
941 200
fi=(97)
53 200
cob=(3)
cfi=(104) /build/glibc-bfm8X4/glibc-2.23/string/../sysdeps/x86_64/multiarch/memcpy-avx-unaligned.S
cfn=(468) __memcpy_avx_unaligned
calls=200 -12 
* 8400
* 200
* 1000
fe=(96)
941 200
fi=(97)
53 200
cob=(3)
cfi=(104)
cfn=(468)
calls=200 -12 
* 8400
* 200
fe=(96)
941 400
fi=(97)
53 400
fe=(96)
945 400
-4 400
+4 400
-4 800
-19 900
+2 1710
+26 45

fn=(556)
132 720156
cob=(3)
cfi=(87)
cfn=(498)
calls=720156 2934 
* 129148108
* 720156

fl=(102) /home/biczokrf/libpll/src/models.c
fn=(474) pll_set_subst_params
392 9
+3 3
-3 3
fi=(97)
53 3
fe=(102)
392 3
+1 3
+2 3
fi=(97)
53 18
cob=(3)
cfi=(104)
cfn=(468)
calls=3 -12 
* 513
* 3
fe=(102)
397 6
+3 12

fn=(492) pll_set_category_rates
378 36
fi=(97)
53 144
cob=(3)
cfi=(104)
cfn=(468)
calls=36 -12 
* 576
* 36
fe=(102)

fn=(516) pll_update_eigen
253 15
+5 3
-5 12
+5 12
+6 3
-6 3
-67 3
+67 3
+1 9
+1 9
+1 6
+1 6
+3 3
-4 3
+4 3
-74 15
+1 12
cob=(3)
cfi=(87)
cfn=(360)
calls=3 2902 
* 1314
* 3
+1 3
-1 6
+1 3
fi=(97)
53 12
cob=(3)
cfi=(104)
cfn=(468)
calls=3 -12 
* 513
* 3
fe=(102)
198 24
+1 585
+1 2268
-1 1134
+1 12
-1 6
+4 24
cob=(3)
cfi=(87)
cfn=(360)
calls=3 2902 
* 558
* 3
+1 3
-1 3
+1 12
+7 15
+1 33
cob=(3)
cfi=(87)
cfn=(360)
calls=3 2902 
* 558
* 3
* 171
cob=(3)
cfi=(87)
cfn=(360)
calls=57 2902 
* 10602
* 57
* 240
-1 183
+3 27
+11 312
+5 3
-5 9
+5 288
+3 57
-1 114
+1 969
-1 1026
+1 4674
-3 570
+3 570
+2 570
-5 570
+3 570
-1 570
+2 1710
+1 570
-1 1140
+1 1710
-5 1041
+11 444
+1 720
+1 240
-13 180
+14 4440
-2 120
+4 18
cob=(3)
cfi=(87)
cfn=(498)
calls=2 2934 
* 264
cob=(1)
cfi=(79)
cfn=(323)
calls=1 64 
* 1274
* 7
+31 9
cob=(3)
cfi=(87)
cfn=(360)
calls=3 2902 
* 1002
* 3
+1 3
-1 3
+1 3
cob=(3)
cfi=(87)
cfn=(360)
calls=3 2902 
* 522
* 3
+1 3
-1 3
+1 15
+52 24
-87 3
105 18
+2 6
+4 3
-3 15
+3 273
+3 54
-1 108
+1 216
-1 54
+1 513
-1 1026
+1 2052
-1 513
+2 270
+39 54
-47 108
+4 54
+43 54
-43 54
+42 21
+1 3
-1 3
+6 3
-3 3
+1 3
+2 3
+3 3
-3 6
+3 552
+2 540
-5 216
+9 54
-1 108
+1 216
-1 54
-3 513
-5 2052
+9 513
-1 1026
+1 2052
-1 513
+1 6840
-1 13680
+1 27360
-1 15492
+3 6591
-3 2535
+3 34047
-6 1701
+9 108
+1 54
-1 54
+1 54
-1 54
-9 54
+12 54
-1 108
+1 162
-1 54
-11 3
+12 3
-1 6
+1 9
-1 3
+1 513
-1 1026
+1 1539
-1 513
-16 312
29 33
cob=(3)
cfi=(104)
cfn=(528) __memmove_avx_unaligned
calls=2 +12 
* 84
cob=(1)
cfi=(79)
cfn=(323)
calls=1 +35 
* 1123
* 7
+3 18
+18 3
+3 3
-3 3
-9 3
+9 12
-9 9
+12 3
-12 6
+1 3
-3 3
+2 3
-2 3
+2 171
+12 57
-12 114
+1 57
-3 57
+2 57
-2 114
+2 114
+1 57
-1 342
+1 285
-1 258
+1 129
-1 774
+1 1218
-1 3726
+1 1242
-1 4968
+1 9936
-3 4113
+6 258
+4 516
+1 774
+1 903
+4 129
-4 129
+4 129
-4 129
+4 516
+2 129
+2 129
-2 258
+2 129
-2 129
+1 129
+1 516
-2 1242
+2 1242
-2 2484
+2 1242
-2 1242
+1 1242
+1 4968
+2 327
+1 327
-1 327
+1 1635
+1 981
+1 981
+9 327
+1 981
-1 654
+2 327
-1 2943
+1 327
+2 327
-1 327
+1 327
-1 327
+1 654
+3 327
+1 327
-3 327
+2 654
+1 327
-3 327
+3 327
-1 327
+1 654
+1 327
-1 654
+1 1308
-4 327
-5 1044
+1 3132
-1 2088
+2 1044
-1 9396
+1 1044
+2 1044
-1 1044
+1 1044
-1 1044
+1 2088
+3 1044
+1 1044
-3 1044
+2 2088
+1 1044
-3 1044
+3 1044
-1 1044
+1 2088
+1 1044
-1 2088
+1 4176
-4 1044
+2 26049
+1 26049
-3 26049
+2 52098
+1 26049
-3 26049
+3 26049
-1 26049
+1 52098
+1 26049
-1 52098
+1 104196
-4 26049
-23 5226
+60 162
+6 108
-2 162
+2 162
+1 108
-3 54
+2 1026
-2 1539
+2 1539
+1 1026
-3 513
+5 108
+1 54
-1 108
+1 54
-1 54
+1 174
+1 30
+2 30
+2 30
-4 30
+1 90
+1 120
+1 30
+3 30
+2 30
-2 120
+1 60
+2 30
-1 60
+1 120
-1 30
-8 24
+2 24
+2 24
-4 24
+1 72
+1 96
+1 24
+3 24
+2 24
-2 96
+1 48
+2 24
-1 48
+1 96
-1 24
-2 513
+2 513
-2 2052
+1 1026
+2 513
-1 1026
+1 2052
-1 513
+1 3420
-1 6840
+1 13680
-1 3420
+2 2214
+1 1539
-1 513
+1 1539
-1 513
+1 8721
-1 2907
+1 8721
-1 2907
+2 513
+1 513
-1 513
+1 2052
-1 54
+3 54
-3 54
+3 54
+1 54
-1 270
+3 54
+1 54
-1 54
+3 54
-2 162
+1 108
+2 54
-1 108
+1 540
-1 54
-3 513
+1 513
-1 513
+3 513
-2 1539
+1 1026
+2 513
-1 1026
+1 5130
-1 513
+1 3420
-1 6840
+1 34200
-1 3420
-5 2322
-74 1044
+1 6264
+2 1044
-1 2088
+1 1044
-1 1044
+1 2217
+15 129
-47 129
+48 129
+1 129
-2 129
-47 129
-5 195
fi=(97)
+19 24
cob=(3)
cfi=(104)
cfn=(468)
calls=3 -12 
* 126
* 3
* 456
cob=(3)
cfi=(104)
cfn=(468)
calls=57 -12 
* 2394
* 57
* 60
fe=(102)
294 180
fi=(97)
53 21
cob=(3)
cfi=(104)
cfn=(468)
calls=3 -12 
* 126
* 3
* 33
fe=(102)
303 300
+1 120
-1 60
+1 60
-1 60
+1 120
-1 60
+1 2280
-1 1140
+1 1140
-1 1140
+1 2280
-1 1140
-2 60
+6 60
-6 120
+9 33
fi=(97)
53 6
fe=(102)
315 9
-5 57
fi=(97)
53 114
fe=(102)
315 7191
-1 1200
+1 3600
-1 1320
-1 141
-3 9
+10 9
-7 57
-3 171
+10 8391
-1 1200
+1 2400
-1 1200
-1 240
+4 6
+2 9
+1 6
-3 6
+2 3
cob=(3)
cfi=(87)
cfn=(498)
calls=3 2934 
* 390
* 3
+1 6
cob=(3)
cfi=(87)
cfn=(498)
calls=3 2934 
* 498
* 3
* 12
+2 9
cob=(3)
cfi=(87)
cfn=(498)
calls=3 2934 
* 390
* 3
* 171
cob=(3)
cfi=(87)
cfn=(498)
calls=57 2934 
* 8573
* 57
-1 123
+2 6
cob=(3)
cfi=(87)
cfn=(498)
calls=3 2934 
* 434
* 3
+2 6
51 132
167 1134
+3 360
-1 120
+1 1260
-1 486
+4 6
+2 6
-1 6
-1 12
+1 6
-1 6
+2 9
-50 48

fn=(504) pll_update_invariant_sites_proportion
408 36
-3 144
+3 108
+10 144
-10 54
+19 72
+9 126
+12 72
+2 36
-2 36
+3 180
-13 12
cfn=(624) pll_update_invariant_sites
calls=2 559 
* 27380
cob=(1)
cfi=(79)
cfn=(323)
calls=1 64 
* 14312
* 7
* 15

fn=(510) pll_update_prob_matrices
338 432
+4 423
+2 588
+2 6
cfn=(516)
calls=2 -93 
* 660974
cob=(1)
cfi=(79)
cfn=(323)
calls=1 64 
* 333298
* 7
* 9
-4 9
+9 540
cfi=(106)
cfn=(534)
calls=35 36 
* 2061660
cob=(1)
cfi=(79)
cfn=(323)
calls=1 64 
* 31143
* 40
* 36
+13 288

fn=(624)
559 6
+13 3
-13 18
+3 3
+4 3
-3 3
+1 3
+1 3
+7 3
-6 3
+6 12
+3 3
-3 63
+3 57
-3 114
+8 15
fi=(97)
90 6
cob=(3)
cfi=(101)
cfn=(450)
calls=3 -52 
* 66
* 3
fe=(102)
597 3
fi=(97)
90 3
fe=(102)
597 3
+42 18
+2 3
+1 3
-1 69
+1 57
-1 228
+3 60
-5 180
+7 3
+1 24
-27 6
+1 24
+3 3
-1 3
+1 15
-1 12
+1 42
+3 1500
+2 1200
-2 600
+2 22800
-2 11400
+4 600
+1 300
-8 615
-3 33
-39 12
cob=(3)
cfi=(87)
cfn=(360)
calls=3 2902 
* 757
* 3
* 18

fn=(460) pll_set_frequencies
369 12
+1 3
fi=(97)
53 3
fe=(102)
369 3
+1 3
fi=(97)
53 12
cob=(3)
cfi=(104)
cfn=(468)
calls=2 -12 
* 84
cob=(1)
cfi=(79)
cfn=(323)
calls=1 +11 
* 1160
* 7
fe=(102)
373 6
+1 12

fl=(105) /home/biczokrf/libpll/src/gamma.c
fn=(486) pll_compute_gamma_cats
224 288
+14 216
+7 108
-17 72
+21 24
-21 96
+21 24
+14 96
+2 48
cob=(3)
cfi=(87)
cfn=(360)
calls=24 2902 
* 4177
* 24
+2 24
-2 24
+2 48
108 48
267 24
108 24
267 24
111 24
-3 24
+3 24
+2 120
+2 24
-2 72
+2 112
-2 336
+6 216
+2 24
cob=(4) /lib/x86_64-linux-gnu/libm-2.23.so
cfi=(118) /build/glibc-bfm8X4/glibc-2.23/math/w_log.c
cfn=(646) log
calls=23 -93 
* 3273
cob=(1)
cfi=(79)
cfn=(323)
calls=1 -57 
* 1256
* 28
* 192
+3 72
269 24
124 72
+2 48
-2 24
+2 24
-2 24
+2 24
cob=(4)
cfi=(118)
cfn=(646)
calls=24 -98 
* 3432
* 24
* 600
270 120
46 120
273 48
45 48
273 48
45 144
+1 576
cfn=(678) IncompleteGamma.part.1
calls=48 -19 
* 16396
* 240
273 96
-1 96
+5 24
-2 24
+2 24
-2 24
+2 24
+2 24
-4 24
+2 24
-2 24
+2 24
+2 132
+1 24
-1 12
+1 84
+2 48
cob=(3)
cfi=(87)
cfn=(498)
calls=24 2934 
* 2400
* 24
* 24
+10 120
-1 24
+1 168
-45 12
+44 12
-44 24
-75 24
+97 48
-97 96
+98 48
-98 24
+98 72
-98 48
+98 48
-98 24
+98 72
-98 768
cfn=(652) PointChi2.part.2
calls=48 -12 
* 130744
* 480
+98 144
-1 120
+11 12
-1 12
+1 48

fn=(652)
160 48
+14 48
-66 48
+66 48
-14 96
-52 48
+66 48
-66 48
+3 144
+2 240
+2 48
-2 144
+2 272
-2 816
+6 336
+2 48
cob=(4)
cfi=(118)
cfn=(646)
calls=48 -93 
* 6800
* 48
* 240
+3 192
+2 48
-2 48
+2 48
-2 48
+2 48
cob=(4)
cfi=(118)
cfn=(646)
calls=48 -98 
* 6864
* 48
* 192
+50 144
-50 48
+50 96
-50 576
+51 48
-51 48
+51 48
cob=(4)
cfi=(118)
cfn=(646)
calls=48 28 
* 6768
* 48
* 240
+6 56
+6 192
46 1248
cfn=(678)
calls=96 -19 
* 41120
198 672
+7 576
cob=(4)
cfi=(118)
cfn=(646)
calls=96 28 
* 13592
* 96
* 1056
cob=(4)
cfi=(120) /build/glibc-bfm8X4/glibc-2.23/math/../sysdeps/ieee754/dbl-64/w_exp.c
cfn=(658) exp
calls=96 25 
* 11136
* 96
* 96
+1 96
-1 96
+1 288
+8 96
-6 288
-3 96
+3 96
+6 192
-8 192
+8 96
-8 384
+2 96
+6 96
-6 96
+6 96
-6 96
+6 96
-6 96
+6 96
-6 96
+6 96
-6 96
+6 96
-6 96
+6 96
-6 96
+6 96
-6 96
+6 96
-6 192
+6 4992
+1 576
-1 48
-17 96
45 96
197 96
45 192
152 140
+1 112
+41 308
cob=(4)
cfi=(122) /build/glibc-bfm8X4/glibc-2.23/math/w_pow.c
cfn=(668) pow
calls=28 26 
* 8804
* 28
* 28
+1 28
-1 56
+1 140
+23 96
-39 100
cob=(4)
cfi=(120)
cfn=(658)
calls=19 25 
* 2204
cob=(1)
cfi=(79)
cfn=(323)
calls=1 64 
* 1263
* 24
* 160
cob=(4)
cfi=(122)
cfn=(668)
calls=19 26 
* 5681
cob=(1)
cfi=(79)
cfn=(323)
calls=1 64 
* 1412
* 24
+1 40
-1 20
+1 80
-28 72
+3 168
cob=(4)
cfi=(118)
cfn=(646)
calls=28 28 
* 3920
* 28
* 112
+1 112
+1 28
-1 56
+1 28
-1 392
+1 40

fn=(678)
27 432
+22 288
cob=(4)
cfi=(118)
cfn=(646)
calls=144 -21 
* 20284
* 144
* 1296
cob=(4)
cfi=(120)
cfn=(658)
calls=144 -24 
* 16704
* 144
+1 288
-1 144
+1 528
+12 32
+1 16
-1 16
+1 32
-1 16
+1 32
-1 32
+2 32
+18 16
-20 16
+1 16
+1 32
+2 16
+1 16
+1 16
+1 16
+2 32
-2 16
+2 96
+1 32
-6 256
+1 256
+1 256
+1 256
+2 512
-2 256
+2 1536
+1 1328
+1 272
+1 272
-1 272
+1 544
+1 544
+1 96
+2 256
+4 1024
-32 640
+4 128
+1 384
+2 128
-2 128
+2 128
-3 752
+1 2256
+2 752
-2 752
+2 752
+1 128
+37 128
-37 256
+37 128
-14 1280
+10 32
+4 16
-4 16
+4 16

fl=(97)
fn=(410) pll_hardware_probe
90 16
fi=(98) /home/biczokrf/libpll/src/hardware.c
+25 1
-4 1
+4 4
+1 3
+1 3
+1 3
+1 3
+1 3
+1 3
+1 3
+1 3
+1 1
+6 1
-6 1
+6 1
+43 1
-49 1
+49 1
fe=(97)

fl=(116)
fn=(610) pll_core_update_sumtable_ii_20x20_avx2
60 10800000
+20 1080000
+17 1800000
cfi=(96)
cfn=(424)
calls=360000 +17 
* 218162568
* 360000
* 360000
+4 720000
+7 1080000
cfi=(96)
cfn=(424)
calls=360000 +6 
* 201960000
* 360000
* 360000
+4 720000
fi=(97)
-22 1440000
cob=(3)
cfi=(101)
cfn=(450)
calls=360000 -52 
* 2325240000
* 360000
* 1440000
cob=(3)
cfi=(101)
cfn=(450)
calls=360000 -52 
* 2325240000
* 360000
fe=(116)
+32 2880000
+1 360000
+1 360000
-1 3600000
-1 720000
+5 360000
-1 720000
+1 360000
+2 1080000
-2 720000
+2 720000
-4 720000
-2 480000
+1 480000
-1 4800000
-1 960000
+5 480000
-1 960000
+1 480000
+2 1440000
-2 960000
+2 960000
-4 960000
-2 31920000
-1 31920000
+5 15960000
-1 31920000
+1 15960000
+2 47880000
-2 31920000
+2 31920000
-4 31920000
+2 319200000
-1 638400000
+1 319200000
+2 957600000
-2 638400000
+2 638400000
-4 638400000
-1 68880000
-2 2400000
+12 1440000
+13 720000
fi=(110)
-98 1080000
fe=(116)
+85 12240000
+2 21600000
fi=(108)
836 165600000
fi=(110)
49 21600000
fe=(116)
168 7200000
+7 7200000
fi=(110)
49 230400000
fi=(108)
836 172800000
fi=(110)
49 28800000
fe=(116)
168 9600000
+7 9600000
fi=(110)
49 556800000
fe=(116)
168 67200000
+7 67200000
fi=(110)
49 3360000000
fi=(108)
1051 67200000
+6 67200000
-6 67200000
131 67200000
1057 67200000
fi=(110)
49 129600000
fi=(108)
1051 7200000
+6 7200000
-6 7200000
131 7200000
1057 7200000
131 7200000
fi=(110)
-82 21600000
fi=(108)
1051 7200000
+6 7200000
131 7200000
657 7200000
184 7200000
1051 7200000
+6 7200000
131 7200000
302 7200000
657 7200000
184 7200000
302 14400000
fe=(116)
-81 14400000
fi=(110)
49 124800000
fi=(108)
1051 9600000
+6 9600000
-6 9600000
131 9600000
1057 9600000
131 9600000
fi=(110)
-82 28800000
fi=(108)
1051 9600000
+6 9600000
131 9600000
657 9600000
184 9600000
1051 9600000
+6 9600000
131 9600000
302 9600000
657 9600000
184 9600000
302 19200000
fe=(116)
-81 19200000
fi=(108)
-90 67200000
fi=(110)
-82 201600000
fi=(108)
1051 67200000
+6 67200000
131 67200000
657 67200000
184 67200000
1051 67200000
+6 67200000
131 67200000
302 67200000
657 67200000
184 67200000
302 134400000
fe=(116)
-81 134400000
fi=(108)
842 168000000
fe=(116)
162 168000000
-8 33600000
+74 16800000
+1 16800000
+1 33600000
-76 33600000
-20 44280000
234 720000
cfi=(96)
cfn=(556)
calls=360000 132 
* 79200000
* 360000
+1 720000
cfi=(96)
cfn=(556)
calls=360000 132 
* 51360000
* 360000
+1 720000
+3 360000
+1 4680000
-86 14400000
-79 720000

fn=(604)
253 11880000
+11 720000
+14 720000
+2 6480000
487 3240000
280 360000
cfn=(610)
calls=359999 60 
* 17289345962
cob=(1)
cfi=(79)
cfn=(323)
calls=1 64 
* 17410
* 360004

fl=(107)
fn=(540)
49 576
+13 36
-13 36
+13 72
-13 432
+13 36
+4 36
-4 36
cfi=(96)
cfn=(424)
calls=36 +52 
* 14848
* 36
+1 72
-1 72
+1 36
cfi=(96)
cfn=(424)
calls=36 +51 
* 28759
* 36
+3 72
-3 72
+3 36
cob=(3)
cfi=(87)
cfn=(418)
calls=36 3172 
* 8496
* 36
+1 72
-1 36
+1 36
cob=(3)
cfi=(87)
cfn=(418)
calls=36 3172 
* 7440
* 36
* 36
+2 288
+14 468
+4 588
+4 180
cfi=(96)
cfn=(424)
calls=36 +23 
* 19848
* 36
+2 108
+15 72
+1 36
-1 108
-25 108
+29 216
-1 72
-3 684
-25 2052
+29 4104
-1 1368
+1 82080
-1 27360
-2 2880
+8 36
+1 72
-1 36
-34 72
+38 144
cob=(3)
cfi=(87)
cfn=(498)
calls=36 2934 
* 3600
* 36
+7 144
+2 396
+3 36
fi=(108)
1280 36
fe=(107)
133 36
fi=(108)
1280 36
fe=(107)
136 36
-3 108
+3 72
-3 108
fi=(108)
1280 108
fe=(107)
133 108
fi=(108)
1280 108
fe=(107)
136 108
-3 324
+3 1080
+8 2016
+3 1344
-11 1440
284 396
138 1344
+1 336
+24 336
-24 672
+1 1008
+1 672
fi=(108)
1280 672
fe=(107)
163 336
+1 756
fi=(108)
302 504
1280 252
842 756
302 504
842 504
302 504
842 504
302 504
842 504
302 756
-77 504
842 1008
fe=(107)
191 756
cob=(4)
cfi=(109) /build/glibc-bfm8X4/glibc-2.23/math/../sysdeps/ieee754/dbl-64/s_expm1.c
cfn=(548) expm1
calls=252 -54 
* 17096
* 252
fi=(108)
+34 84
842 336
fe=(107)
191 252
cob=(4)
cfi=(109)
cfn=(548)
calls=83 -54 
* 4729
cob=(1)
cfi=(79)
cfn=(323)
calls=1 64 
* 1183
* 88
* 19152
cob=(4)
cfi=(109)
cfn=(548)
calls=6384 -54 
* 417556
* 6384
* 6720
-1 13440
fi=(108)
836 3696
302 672
842 336
302 1008
842 2016
fe=(107)
201 672
fi=(108)
302 12768
842 6384
302 19152
842 38304
fe=(107)
201 13440
fi=(108)
836 2352
fi=(110)
49 3360
fe=(107)
261 336
fi=(110)
49 672
fi=(108)
1051 336
+6 336
fi=(110)
49 672
fi=(108)
+82 672
fi=(110)
-82 2016
fi=(108)
1051 336
+6 336
131 336
657 336
184 336
842 672
fe=(107)
231 672
fi=(108)
836 44688
fi=(110)
49 63840
fe=(107)
261 6384
fi=(110)
49 12768
fi=(108)
1051 6384
+6 6384
fi=(110)
49 12768
fi=(108)
+82 12768
fi=(110)
-82 38304
fi=(108)
1051 6384
+6 6384
131 6384
657 6384
184 6384
842 12768
fe=(107)
231 12768
fi=(110)
49 268800
fe=(107)
261 26880
fi=(110)
49 53760
fi=(108)
1051 26880
+6 26880
fi=(110)
49 53760
fi=(108)
+82 53760
fi=(110)
-82 161280
fi=(108)
1051 26880
+6 26880
131 26880
657 26880
184 26880
842 53760
fe=(107)
231 60480
-9 14448
+47 1008
-2 672
+2 19152
-2 13104
fi=(108)
+35 168
fe=(107)
176 84
fi=(108)
842 168
302 168
fe=(107)
176 84
fi=(108)
842 84
302 168
fe=(107)
176 84
fi=(108)
842 84
302 168
fe=(107)
176 84
fi=(108)
842 84
302 168
fe=(107)
176 420
-48 540
+2 648
276 108
cfi=(96)
cfn=(556)
calls=35 132 
* 5537
cob=(1)
cfi=(79)
cfn=(323)
calls=1 64 
* 791
* 40
+1 72
cfi=(96)
cfn=(556)
calls=36 132 
* 5232
* 36
+2 108
fi=(108)
836 36
fe=(107)
280 372
cfi=(96)
cfn=(556)
calls=36 132 
* 9120
* 36
* 84
-1 168
+3 36
+1 36
-1 36
cob=(3)
cfi=(87)
cfn=(498)
calls=36 2934 
* 3600
* 36
+1 36

ob=(7) /home/biczokrf/libpll/test/obj/sumtables-aa-benchmark
fl=(86) /home/biczokrf/libpll/test/src/sumtables-aa-benchmark.c
fn=(354) main
46 8
+7 1
-7 4
+7 1
cob=(1)
cfi=(79)
cfn=(323)
calls=1 +11 
* 60402
* 5
+41 1
-41 1
+2 1
+1 1
+1 1
+37 1
-36 1
+1 1
+1 1
+1 1
+1 1
+2 1
+1 1
+1 1
+1 1
+1 1
+1 1
+1 1
+1 1
+2 1
+1 1
+1 1
+1 1
+1 1
+1 1
+1 1
+1 1
+4 1
+1 1
+1 1
+1 1
+1 1
+1 1
+1 1
+1 1
+3 1
cfi=(95) /home/biczokrf/libpll/test/src/common.c
cfn=(390) get_attributes
calls=1 -67 
* 34
* 3
+64 1
-60 13
cob=(1)
cfi=(79)
cfn=(323)
calls=1 -34 
* 43259
* 5
* 26
cob=(6)
cfi=(96)
cfn=(396)
calls=2 408 
* 336185
* 2
+12 6
-12 3
+12 3
+5 18
cob=(6)
cfi=(96)
cfn=(424)
calls=2 -1 
* 1178
cob=(1)
cfi=(79)
cfn=(323)
calls=1 -51 
* 1321
* 7
+4 3
-4 3
+4 3
+6 3
+3 9
-3 3
+1 3
-1 6
+1 3
+2 3
cob=(6)
cfi=(102)
cfn=(460)
calls=2 369 
* 122
cob=(1)
cfi=(79)
cfn=(323)
calls=1 -64 
* 1904
* 7
+1 12
cob=(6)
cfi=(102)
cfn=(474)
calls=2 392 
* 386
cob=(1)
cfi=(79)
cfn=(323)
calls=1 -65 
* 953
* 7
+3 15
cob=(6)
cfi=(96)
cfn=(480)
calls=2 977 
* 12700
cob=(1)
cfi=(79)
cfn=(323)
calls=1 -68 
* 4749
* 7
-1 6
+2 15
cob=(6)
cfi=(96)
cfn=(480)
calls=3 977 
* 16710
* 3
-1 6
+2 15
cob=(6)
cfi=(96)
cfn=(480)
calls=3 977 
* 16710
* 3
-1 6
+2 15
cob=(6)
cfi=(96)
cfn=(480)
calls=3 977 
* 16710
* 3
-1 6
+2 15
cob=(6)
cfi=(96)
cfn=(480)
calls=3 977 
* 16710
* 3
-5 18
+13 15
cob=(3)
cfi=(87)
cfn=(360)
calls=3 2902 
* 497
* 3
* 24
cob=(3)
cfi=(87)
cfn=(360)
calls=6 2902 
* 624
* 6
* 54
cob=(3)
cfi=(87)
cfn=(360)
calls=27 2902 
* 2808
* 27
+2 144
-2 36
+2 36
cob=(6)
cfi=(105)
cfn=(486)
calls=35 +78 
* 169565
cob=(1)
cfi=(79)
cfn=(323)
calls=1 -82 
* 800
* 40
* 72
fi=(117) /usr/include/x86_64-linux-gnu/bits/stdio2.h
-42 36
fe=(86)
+38 81
-1 54
+10 108
cob=(6)
cfi=(102)
cfn=(492)
calls=35 378 
* 774
cob=(1)
cfi=(79)
cfn=(323)
calls=1 -87 
* 787
* 40
+1 72
cob=(3)
cfi=(87)
cfn=(498)
calls=35 2934 
* 3500
cob=(1)
cfi=(79)
cfn=(323)
calls=1 -88 
* 1190
* 40
+2 252
+1 108
-1 36
+1 36
cob=(6)
cfi=(102)
cfn=(504)
calls=35 408 
* 42709
cob=(1)
cfi=(79)
cfn=(323)
calls=1 -91 
* 915
* 40
-1 72
+4 180
+1 36
-1 36
cob=(6)
cfi=(102)
cfn=(510)
calls=35 338 
* 2724946
cob=(1)
cfi=(79)
cfn=(323)
calls=1 -94 
* 365358
* 40
+1 144
cob=(6)
cfi=(111)
cfn=(562)
calls=35 +25 
* 2314920
cob=(1)
cfi=(79)
cfn=(323)
calls=1 -95 
* 32099
* 40
* 36
+2 324
cob=(6)
cfi=(114)
cfn=(590)
calls=35 +10 
* 1750907
cob=(1)
cfi=(79)
cfn=(323)
calls=1 -97 
* 20825
* 40
* 3239676
cob=(6)
cfi=(114)
cfn=(590)
calls=359964 +10 
* 17655999864
* 359964
-1 1440036
+7 6
cob=(6)
cfi=(96)
cfn=(556)
calls=2 -35 
* 268
cob=(1)
cfi=(79)
cfn=(323)
calls=1 64 
* 841
* 7
+1 6
cob=(6)
cfi=(96)
cfn=(636)
calls=2 829 
* 9469
cob=(1)
cfi=(79)
cfn=(323)
calls=1 64 
* 4791
* 7
* 3
-72 19
+75 2
cob=(3)
cfi=(87)
cfn=(498)
calls=1 2934 
* 149
* 1
+2 1
+1 11

fl=(78) ???
fn=(692) 0x0000000000401560
0 8

fn=(334) __libc_csu_init
0 15
cob=(2)
cfi=(16)
cfn=(336) 0x0000000000400ea8
calls=1 0 
0 6
0 8
cfn=(340) 0x0000000000401600
calls=1 0 
0 16
0 11

fn=(688) 0x00000000004015e0
0 5
cfn=(692)
calls=1 0 
0 8
0 3

fn=(340)
0 16

fn=(314) _start
0 11
cob=(1)
cfi=(79)
cfn=(322) _dl_runtime_resolve_avx
calls=1 64 
0 17669023886
0 5

fl=(95)
fn=(390)
27 7
+7 8
-5 4
+15 11
+3 1
-20 3

ob=(2)
fl=(16)
fn=(738) 0x0000000004c7cb7c
0 3

fn=(728)
0 1
cob=(3)
cfi=(128) /build/glibc-bfm8X4/glibc-2.23/stdlib/cxa_finalize.c
cfn=(708) __cxa_finalize
calls=1 31 
0 56

fn=(248) 0x0000000004a28530
0 6

fn=(706) 0x0000000004a28570
0 1
cob=(3)
cfi=(128)
cfn=(708)
calls=1 31 
0 56

fn=(720) 0x0000000004a287b8
0 3

fn=(294) 0x0000000004c30ce0
0 6

fn=(336)
0 6

fn=(282) 0x0000000005263428
0 6

fn=(756) 0x00000000052d4d0c
0 3

fn=(86) 0x0000000004000ab0
0 3
cob=(1)
cfi=(17) /build/glibc-bfm8X4/glibc-2.23/elf/dl-minimal.c
cfn=(88) free
calls=3 120 
0 18

fn=(746) 0x00000000052635f8
0 1
cob=(3)
cfi=(128)
cfn=(708)
calls=1 31 
0 56

fn=(698) 0x0000000000401c24
0 3

ob=(3)
fl=(93) /build/glibc-bfm8X4/glibc-2.23/misc/sbrk.c
fn=(386) sbrk
34 3
+8 3
-8 9
+8 15
+4 6
+4 12
+12 5
-19 2
cfi=(94) /build/glibc-bfm8X4/glibc-2.23/misc/../sysdeps/unix/sysv/linux/x86_64/brk.c
cfn=(388) brk
calls=1 -12 
* 12
* 4
+15 4
cfi=(94)
cfn=(388)
calls=2 -27 
* 24
* 4
+4 10

fl=(88) /build/glibc-bfm8X4/glibc-2.23/malloc/hooks.c
fn=(432) memalign_hook_ini
46 5
fi=(89) /build/glibc-bfm8X4/glibc-2.23/malloc/arena.c
260 1
fe=(88)
47 1
fi=(89)
260 1
fe=(88)
47 1
fi=(89)
260 1
fi=(87)
3081 1
-11 1
+12 2
+4 2
+4 2
+28 12
+2 4
cfn=(436) _int_memalign
calls=1 4411 
* 291
+1 1
-1 1
+1 1
+8 4
+2 11
fe=(88)
50 5
fi=(87)
3095 3
+7 4
+8 5
fe=(88)

fn=(362) malloc_hook_ini
29 4
fi=(89)
260 1
fe=(88)
30 1
fi=(89)
260 1
fe=(88)
30 1
fi=(89)
260 1
fi=(87)
2911 7
+2 3
cfn=(378) _int_malloc
calls=1 3349 
* 1038
+3 1
-3 1
+3 1
+8 4
+2 11
fe=(88)
33 4
fi=(87)
2911 6
+12 1
cfi=(89)
cfn=(366) ptmalloc_init.part.5
calls=1 258 
* 58239
* 1
-15 2
fe=(88)

fl=(94)
fn=(388)
31 24
+8 3
-6 6
+7 3

fl=(52) /build/glibc-bfm8X4/glibc-2.23/string/../sysdeps/x86_64/multiarch/strspn.S
fn=(196) strspn
30 1
+1 1
+1 1
+1 1
+1 1
+1 1

fl=(100) /build/glibc-bfm8X4/glibc-2.23/string/../sysdeps/x86_64/multiarch/memset.S
fn=(448) memset
28 1
+1 1
+1 1
+1 1
+1 1
+2 1
+1 1
+5 1

fl=(54) ???
fn=(202) memcpy@GLIBC_2.2.5
0 22

fl=(128)
fn=(708)
31 12
+17 3
-17 12
+4 12
+4 18
-4 9
+32 12
+4 18
-4 9
+12 6
+3 3
-2 3
+2 18
-2 3
cfi=(129) /build/glibc-bfm8X4/glibc-2.23/nptl/unregister-atfork.c
cfn=(710) __unregister_atfork
calls=3 -52 
* 30

fl=(89)
fn=(366)
258 6
+13 1
-8 1
+8 1
+6 3
+2 5
+16 2
-56 34
-18 105
+2 68
+1 2
+1 2
340 2
+6 2
+1 2
+2 1
+1 7
-78 5
cfi=(90) /build/glibc-bfm8X4/glibc-2.23/elf/dl-addr.c
cfn=(368) _dl_addr
calls=1 126 
* 57984
* 2
+1 4

fl=(125) /build/glibc-bfm8X4/glibc-2.23/stdlib/exit.c
fn=(680) exit
104 1
-1 1
+1 2
cfn=(682) __run_exit_handlers
calls=1 -69 
* 1514

fn=(682)
35 8
+5 1
cfi=(126) /build/glibc-bfm8X4/glibc-2.23/stdlib/cxa_thread_atexit_impl.c
cfn=(684) __call_tls_dtors
calls=1 145 
* 11
* 1
+6 8
+4 6
+3 1
-1 1
+2 5
+33 1
+1 1
-1 1
+1 1
+6 2
+1 5
cfi=(130) /build/glibc-bfm8X4/glibc-2.23/libio/genops.c
cfn=(758) _IO_cleanup
calls=1 948 
* 133
* 3
+2 2
cfi=(131) /build/glibc-bfm8X4/glibc-2.23/posix/../sysdeps/unix/sysv/linux/_exit.c
cfn=(762) _Exit
calls=1 -70 
* 5
-19 1
+4 1
-4 1
+2 1
+2 1
-2 2
+2 1
cob=(1)
cfi=(127) /build/glibc-bfm8X4/glibc-2.23/elf/dl-fini.c
cfn=(686) _dl_fini
calls=1 +48 
* 1309
+1 1

fl=(92) /build/glibc-bfm8X4/glibc-2.23/malloc/morecore.c
fn=(384) __default_morecore
46 3
+1 3
cfi=(93)
cfn=(386)
calls=3 -13 
* 113
+1 9
+4 6

fl=(126)
fn=(684)
145 3
+1 4
+18 4

fl=(50) /build/glibc-bfm8X4/glibc-2.23/elf/../sysdeps/unix/sysv/linux/dl-vdso.c
fn=(188) _dl_vdso_vsym
27 8
+4 8
-3 8

fl=(130)
fn=(758)
948 2
+3 1
-3 2
-50 1
+50 1
+3 1
cfn=(760) _IO_flush_all_lockp
calls=1 760 
* 90
-63 1
+63 1
-63 2
+40 3
-40 9
+2 6
+2 6
+71 7

fn=(760)
760 8
+6 3
+11 2
+16 2
-17 2
-1 2
+1 3
-1 1
+1 1
+3 9
+10 6
+4 3
-2 3
+2 6
+7 3
-27 6
+31 2
+2 2
+4 9
-38 1
-6 1
+5 1
+2 2
+6 12

fl=(129)
fn=(710)
28 12
+8 3
+3 6
+82 9

fl=(83) /build/glibc-bfm8X4/glibc-2.23/setjmp/../sysdeps/x86_64/bsd-_setjmp.S
fn=(348) _setjmp
30 1
+2 1
cfi=(84) /build/glibc-bfm8X4/glibc-2.23/setjmp/../sysdeps/x86_64/setjmp.S
cfn=(350) __sigsetjmp
calls=1 -6 
* 28

fl=(103) /build/glibc-bfm8X4/glibc-2.23/string/../sysdeps/x86_64/multiarch/memcpy.S
fn=(466) memcpy@@GLIBC_2.14
32 1
+2 1
+1 1
+6 1
+1 1
+1 1
+1 1

fl=(74) /build/glibc-bfm8X4/glibc-2.23/string/../sysdeps/x86_64/cacheinfo.c
fn=(272) init_cacheinfo
482 2
+12 1
-12 3
+12 3
+2 4
cfn=(274) handle_intel
calls=1 262 
* 455
+4 2
-4 1
+4 1
cfn=(274)
calls=1 262 
* 547
+2 1
-2 1
-1 1
+3 1
+9 2
+2 1
+1 1
+2 1
+5 2
+9 4
-9 4
+9 16
-9 12
+6 8
+69 4
+1 5
+55 2
+2 1
+1 1
+2 1
-3 1
+5 1
-5 1
+4 3
+4 2
+2 1
+1 1
+2 1
-3 1
+5 1
-5 1
+4 2
+3 1
-3 1
+3 5
532 1
+32 1
-26 6
+7 5
+2 1
+1 1
+1 2
-4 4
+2 1
+1 1
+1 6
+2 2
-6 2
+6 2
+5 1
+2 2
+1 1
-1 1
+1 3
+6 1
-1 1
+1 5

fn=(274)
262 4
-1 4
+17 2
-17 12
+14 2
+1 4
-3 6
+23 8
cfn=(276) intel_check_word
calls=2 133 
* 666
+1 4
+3 10
cfn=(276)
calls=2 133 
* 238
+1 4
-17 4
+5 2
-5 6
+5 2
+2 2
+1 2
-1 4
+27 16

fn=(276)
133 8
+6 4
-7 20
+7 16
-7 4
+7 4
+2 4
-2 4
+2 4
+68 8
+3 24
-69 4
+2 8
-2 6
+2 12
+8 20
+51 16
+22 8
fi=(75) /build/glibc-bfm8X4/glibc-2.23/string/../bits/stdlib-bsearch.h
27 8
+1 16
+3 16
+1 8
fe=(74)
+89 16
fi=(75)
-90 12
+1 6
fe=(74)
+89 12
+3 54
fi=(75)
-95 44
+2 44
-2 44
+2 80
+1 40
fe=(74)
+89 80
251 8
141 16
-6 2
256 24
fi=(75)
37 10
-8 24
fe=(74)
165 6
+3 6
+4 4
+2 4
+1 14
+2 7
-12 2
+12 2
+1 10
+1 10
+1 6
+17 3
-32 9
+3 9
+4 6
+2 6
+1 12
+2 12
+5 2
+2 4
+2 32

fl=(84)
fn=(350)
26 1
+9 1
+1 2
+1 1
+4 1
+1 1
+1 1
+1 1
+1 1
+2 2
+2 1
+1 1
+1 1
+2 2
+2 1
+9 1
cfi=(85) /build/glibc-bfm8X4/glibc-2.23/setjmp/sigjmp.c
cfn=(352) __sigjmp_save
calls=1 -36 
* 9

fl=(68) /build/glibc-bfm8X4/glibc-2.23/csu/../csu/init-first.c
fn=(260) _init
52 8
+6 3
+14 1
fi=(70) /build/glibc-bfm8X4/glibc-2.23/csu/../sysdeps/unix/sysv/linux/x86_64/init-first.c
-36 1
fe=(68)
+34 1
+1 1
fi=(70)
-35 3
fe=(68)
+36 1
fi=(70)
-36 3
fi=(69) /build/glibc-bfm8X4/glibc-2.23/csu/../sysdeps/generic/dl-hash.h
+12 3
+14 4
-17 3
+3 9
+14 12
-17 9
fi=(70)
-9 3
+2 2
-2 1
+2 2
cfi=(50)
cfn=(188)
calls=1 -11 
* 6
+1 2
+5 2
-3 2
+1 1
+2 1
cfi=(50)
cfn=(188)
calls=1 -17 
* 6
fe=(68)
+42 3
fi=(70)
-41 2
+1 1
fe=(68)
+40 1
cfi=(71) /build/glibc-bfm8X4/glibc-2.23/misc/init-misc.c
cfn=(266) __init_misc
calls=1 -55 
* 78
+8 1
cfi=(73) /build/glibc-bfm8X4/glibc-2.23/ctype/ctype-info.c
cfn=(270) __ctype_init
calls=1 -63 
* 16
+5 6
-34 1
-7 1
+7 4
fi=(70)
-25 2
fe=(68)

fl=(85)
fn=(352)
28 1
+1 1
-1 2
+1 2
+5 3

fl=(82) /build/glibc-bfm8X4/glibc-2.23/stdlib/cxa_atexit.c
fn=(330) __cxa_atexit
57 5
-22 1
+22 1
-22 1
cfn=(332) __new_exitfn
calls=1 +38 
* 38
+2 2
+4 1
+3 1
+1 1
-4 2
+2 1
+4 1
+1 1
+11 4

fn=(332)
73 2
+6 1
-6 1
+6 1
-6 1
+6 4
+2 6
+2 3
-2 1
+10 2
-10 2
+45 1
+1 1
+3 4
+3 5
-21 1
+1 2

fl=(90)
fn=(368)
126 9
+5 1
-5 2
+5 2
cob=(1)
cfi=(2) /build/glibc-bfm8X4/glibc-2.23/elf/rtld.c
cfn=(50) rtld_lock_default_lock_recursive
calls=1 704 
* 2
+2 2
cob=(1)
cfi=(79)
cfn=(323)
calls=1 -69 
* 1505
* 5
+2 2
30 1
+1 1
-1 1
+1 1
+3 2
+5 1
+6 1
-7 1
+2 2
+2 1
-2 1
+2 1
+3 1
+5 8
+2 1
+1 2
-1 1010
+1 2020
+2 3628
+9 2010
+7 24
-2 24
+2 2259
-2 2211
+2 5750
-10 11175
+2 8940
+1 14318
+7 1011
-21 2022
+49 3
+1 1
+1 3
+3 2
+37 2
cob=(1)
cfi=(2)
cfn=(52) rtld_lock_default_unlock_recursive
calls=1 710 
* 2
+3 9
-28 1
+1 1
+21 2

fl=(72) /build/glibc-bfm8X4/glibc-2.23/string/../sysdeps/x86_64/strrchr.S
fn=(268) rindex
24 1
+1 1
+1 1
+1 1
+1 1
+1 1
+1 1
+1 1
+1 1
+1 1
+1 1
+1 1
+1 1
+1 1
+1 1
+1 1
+1 1
+11 1
+1 1
+1 1
+1 1
+1 1
+1 1
+1 1
+1 1
+1 1
+1 1
+1 1
+1 1
+1 1
+1 1
+1 1
+1 1
+1 1
+1 1
+1 1
+1 1
+1 1
+1 1
+1 1
+1 1
+1 1
+1 1
+1 1
+1 1
+1 1
+1 1
+1 1
+1 1
+1 1
+1 1
+1 1
+1 1
+1 1

fl=(73)
fn=(270)
31 5
+2 1
+2 1
-4 1
+4 1
-4 1
+2 3
+2 3

fl=(71)
fn=(266)
31 2
-1 3
+1 4
+2 3
cfi=(72)
cfn=(268)
calls=1 -9 
* 54
+4 5
+1 3
+2 4

fl=(47) /build/glibc-bfm8X4/glibc-2.23/string/../sysdeps/x86_64/multiarch/strcmp.S
fn=(182) strcasecmp
109 1
+1 1
+1 1
+1 1
+10 1

fn=(192) strncasecmp
129 1
+1 1
+1 1
+1 1
+10 1

fl=(81) /build/glibc-bfm8X4/glibc-2.23/csu/../csu/libc-start.c
fn=(328) (below main)
134 7
+4 1
-4 3
+4 3
+82 1
-82 1
+82 1
+1 4
cfi=(82)
cfn=(330)
calls=1 57 
* 60
+22 4
+3 2
+1 5
cob=(7)
cfi=(78)
cfn=(334)
calls=1 0 
* 56
+4 4
+15 2
+12 2
cfi=(83)
cfn=(348)
calls=1 30 
* 30
+1 2
+5 2
+1 2
+3 2
+3 6
cob=(7)
cfi=(86)
cfn=(354)
calls=1 46 
* 17669021029
+34 2
cfi=(125)
cfn=(680)
calls=1 104 
* 1518
138 2

fl=(131)
fn=(762)
27 2
+4 1
+2 2

fl=(51) /build/glibc-bfm8X4/glibc-2.23/string/../sysdeps/x86_64/multiarch/strcspn.S
fn=(194) strpbrk
45 1
+1 1
+1 1
+1 1
+1 1
+1 1

fn=(190) strcspn
45 1
+1 1
+1 1
+1 1
+1 1
+1 1

fl=(101)
fn=(450)
38 720045
+1 720045
+1 720045
+1 720045
+1 720045
+1 720045
+1 720045
+1 720045
+1 720045
+1 9
+1 9
+1 6
+1 6
+1 6
+1 6
+1 6
+1 6
+1 6
+1 6
+1 6
+1 6
+1 6
+1 6
+1 6
+1 6
+1 6
+1 6
+1 6
+4 3
+1 3
+1 3
+1 3
+1 3
+1 3
+1 3
+1 3
+1 3
+1 3
+1 3
+53 720036
+1 720036
+1 720036
+1 720036
+1 720036
+1 720036
+1 720036
+1 720036
+2 5760360
+1 5760360
+1 5760360
+1 5760360
+1 5760360
+1 5760360
+1 5760360
+1 240015
+1 240015
+1 240015
+1 240015
+1 240015
+1 240015
+1 240015
+1 240015
+4 480021
+1 480021
+1 4593448949
+1 480021
+1 480021
+1 480021
+1 480021

fl=(87)
fn=(430)
5021 720156
+3 720156
-3 720156
+1 1440312
+1 3600780
-7 5761248
3081 720156
5027 720156
3081 720156
+1 1440312
+4 1440310
+4 1440310
+5 2160465
+7 2880620
+8 2160465
+8 8641860
+2 2880620
cfn=(436)
calls=720155 4411 
* 349639404
+1 720155
-1 720155
+1 720155
+8 2880620
+2 7921705
5032 720155
+1 720155
+4 4320930
-5 1
+1 1
+4 6
3083 3
cfi=(88)
cfn=(432)
calls=1 46 
* 360
5030 2
3110 1440310

fn=(436)
4411 2160468
-14 2880624
+14 3600780
-14 1440312
+24 2160468
cfn=(378)
calls=720156 3349 
* 239455336
+2 720156
-2 720156
+2 720156
+5 720156
-2 720156
+2 2160468
+9 3000745
+2 600149
+1 600149
-1 600149
+1 1200298
+4 600149
-1 1200298
+1 1800447
+3 1200298
+8 1800447
+3 600149
+1 600149
-1 600149
+1 600149
-1 600149
+1 600149
cfn=(438) _int_free
calls=600149 3841 
* 44411061
+3 4801192
+5 3000745
+15 720156
+1 4320936
-57 120007
+2 120007
+39 480028
+3 720156
-1 720156
+1 1440312
+4 120007
-2 120007
+1 120007
+1 480028
+3 120007
-3 240014
+2 360021
+1 120007
-1 120007
+1 120007
cfn=(438)
calls=120007 3841 
* 8880518
* 120007
-22 1800447
+2 600149
+1 1800447

fn=(438)
3841 22685058
+13 2520562
-13 2520562
+13 5041124
+6 10082248
+1 5041124
+11 10082248
+13 5041124
+11 7201320
+1 5400990
1886 1800330
3921 1800330
1886 3600660
3923 5400990
+1 3600660
+4 1800330
-4 1800330
+1 1800330
+9 12602310
+9 7201320
+1 105
+1 35
+2 105
-2 1800295
+2 10801875
4105 20164496
3960 1440464
+1 2160696
+15 1440464
+8 2160696
+6 1440464
+1 1440464
+1 1440464
1886 2160696
4001 1440464
+1 240137
+2 240137
-1 240137
+2 3362089
+3 1440464
+5 240380
+1 600
+1 40
+11 40
-1 40
+2 80
-1 120150
-1 120150
+2 240300
+7 120190
-2 120190
+1 120190
+1 120190
+2 120134
+1 120134
+2 120134
+1 120134
+2 360402
+1 120134
+30 240268
-34 56
+1 56
+2 168
+1 56
+30 1200196
+1 960066
+3 1440099
3962 3601160
+8 720232
-4 720232
+4 2160696
-7 1440464
4093 2160696
+1 2160696
+1 3601160
3949 7201250
+68 240300
-3 21
+61 480058
cfn=(380) malloc_consolidate
calls=240029 +69 
* 32885925
* 240029
-21 600042
+1 1800126
+1 1200084
-80 3601160
4079 2400165

fn=(418)
3172 108
+15 108
-15 324
+10 108
+5 216
-15 108
+10 108
+5 216
+8 216
+1 216
+12 756
+6 108
+8 108
-7 216
+7 216
+14 324
cfn=(378)
calls=108 3349 
* 14450
+3 108
-3 108
+3 972
+10 216
+1 432
+3 216
+6 324
+52 648
3208 648
+62 108
-3 108
+3 550
+11 5
+1 10
+1 10
-2 103
+1 206
+1 206
+2 216
+8 108
-3 108
+1 108
+1 216
+1 108
+4 105
-2 105
+1 105
+1 105
+4 6
-2 6
+1 6
+1 6
+2 3
+1 6

fn=(360)
2902 3240426
+5 2160284
+1 2160284
+3 8641128
+2 3240423
cfn=(378)
calls=1080141 3349 
* 111625662
+3 1080141
-3 1080141
+3 1080141
+8 4320564
+2 11881551
+3 4320564
-18 6480846
-2 1
+20 3
-20 1
cfi=(88)
cfn=(362)
calls=1 29 
* 59328

fn=(382) sysmalloc
2268 16
+20 2
+11 2
-11 2
+11 2
+1 10
fi=(89)
488 6
fe=(87)
2315 10
+65 2
+1 6
+10 2
-9 2
+9 8
+6 8
+3 6
2723 4
+1 2
+8 8
+5 2
-3 2
+3 2
-2 2
+2 6
+1 2
-1 2
-1 2
+4 2
-3 4
+1 2
+8 18
2391 7
+72 2
-8 8
+8 2
+21 10
cfi=(92)
cfn=(384)
calls=2 46 
* 109
* 2
+1 2
+3 8
+3 4
+1 4
+20 4
+26 4
+2 4
+6 2
-6 2
+6 4
+1 5
2321 2
2464 2
+10 10
+8 2
-8 2
+8 2
+67 7
+37 2
+6 3
+19 1
+3 2
+1 5
+2 1
-2 1
+2 1
+1 3
cfi=(92)
cfn=(384)
calls=1 46 
* 25
+12 2
+8 1
+1 1
-1 2
+1 2
+39 1
+1 1
-2 1
+1 3
+12 1
-12 1
+1 1
+11 1
2539 5

fn=(378)
3349 5401218
-30 3600812
+30 1800406
-30 7201624
+30 5401218
-30 1800406
+30 5401218
+4 5401218
+14 3600812
+2 3240522
+2 1080174
-1 1080174
-1 1080174
+1 1080174
+5 2160348
+3 2999945
+1 599989
-1 599989
+1 1199978
+25 2400834
+2 1440900
+1 1440900
+2 480300
-2 480300
+2 960600
+2 74
+4 36
+1 72
+5 36
+1 36
+1 36
+2 108
+23 6721108
+1 1440234
+1 1440234
cfn=(380)
calls=720117 4144 
* 113664000
3819 16805334
-2 1200381
+2 1200381
-2 1200381
+2 2400762
5002 1200381
3817 1200381
+2 1200381
5004 1200381
3819 1200381
5004 1200381
3819 3601143
5004 2400762
3819 4801524
5002 2400762
3469 2400762
+66 1440562
+1 2160843
+1 720281
-1 1440562
+51 3601405
+7 720281
-6 720281
+1 720281
+1 720281
+1 720281
+3 720281
-58 120039
+51 600195
+7 120039
-6 120039
+1 120039
+1 120039
+1 120039
+3 120039
3469 6122103
+3 840326
-1 840326
+1 1680652
+1 1680652
+3 840326
+10 1920768
+34 840322
-5 840322
+1 840322
+4 840322
+13 1680640
+8 480164
+1 16
+1 4
+3 8
-4 480140
+1 120035
+3 240070
+5 19
-2 19
+2 57
+1 38
+6 1
-1 1
+1 1
+1 3
3382 2999945
1879 1080188
3770 1080188
1879 2160376
3833 16203654
3541 840239
+22 54
+3 9
+1 27
-3 54
+6 18
+6 2
-1 2
+3 2
-2 2
+1 2
+1 4
+2 36
-39 14
-54 240066
+1 19
+5 4
-1 4
+5 4
-3 8
+1 4
+1 8
+1 4
+2 4
+1 4
+3 32
+2 12
+1 4
+3 4
1879 12
3584 480080
-12 32
+31 2400750
+73 2400750
+1 2400750
+1 2400750
+1 2400750
+1 2400750
+5 3361152
+16 249
+2 498
-4 960940
+8 480221
+3 960442
+2 58
+2 58
-1 58
-1 174
-27 58
+27 58
-27 58
+4 2160696
+3 476
-3 354
+3 436
-3 204
+3 306
3792 720212
+3 720212
-2 1440424
+2 1440424
+17 4
3523 2
-1 2
+1 4
1879 2
3526 2
1879 4
3605 2160351
+3 720117
-3 720117
+3 2160351
3448 18
1879 8
3448 960067
3692 24
+2 16
+1 16
-1 24
+1 24
3448 720036
3692 36
+27 960326
+3 960326
+5 480163
-3 960326
+3 480163
-3 480163
+3 5761998
+3 960326
+3 480123
-1 480123
+1 1440369
+12 40
+1 80
-6 40
+17 40
-6 40
+1 40
+1 40
+1 40
+3 40
+1 40
+1 80
+2 14
+1 14
+2 14
+2 14
-2 98
+2 42
+1 42
-3 26
+2 26
-2 182
+2 78
+1 78
+60 6
cfn=(382)
calls=2 2268 
* 421
+1 4
-28 720210
-3 720210
+1 720210
+2 720210
-1 720210
+1 1440420
+2 720210
-2 2880840
+2 720210
+3 720210
1879 2160630
3727 168

fn=(380)
4144 1920292
-22 7681160
+23 2880435
+12 960145
5002 960145
4147 960145
+11 960145
-1 960145
5004 960145
-2 960145
+2 4800725
4160 1920290
+1 1920290
-1 17282610
+1 19803123
+22 59
-1 59
+1 902
+4 30
+4 30
-3 30
+1 30
+2 30
-4 720255
+4 720255
-3 720255
+1 720255
+2 720255
+1 38
+1 38
+3 38
+1 38
+1 38
-2 38
+12 38
-12 38
+3 76
+9 38
-12 720247
+1 720247
+1 720247
-2 720247
+12 720247
-12 720247
+3 1440494
+9 720247
-41 1200339
-3 1200339
+3 2400678
+1 1200339
+1 2400678
+2 2400678
+1 120076
+2 120076
-1 120076
+2 2041338
+3 2400678
+3 1440570
+4 1440452
+19 960108
+4 480054
-4 480054
+1 960108
+3 1920183
+3 1920172
-3 720256
+3 36485628
+6 7681160
-42 1440100
+8 50
4996 4
1808 3
-3 2
+3 378
-3 252
+7 3
+5 1
+2 1
-2 2
4175 40
+8 20
1816 3

fn=(498)
2934 9002045
+5 3600818
+1 3600818
+6 3600818
+5 1800406
-2 1800406
+2 3600812
+16 5401218
+1 3600812
cfn=(438)
calls=1800406 3841 
* 190366191
+1 10802454

fl=(48) /build/glibc-bfm8X4/glibc-2.23/time/../sysdeps/unix/sysv/linux/x86/time.c
fn=(184) time
38 1
-1 1
+1 6
fi=(49) /build/glibc-bfm8X4/glibc-2.23/time/../sysdeps/generic/dl-hash.h
+10 3
+14 4
-17 3
+3 9
+14 12
-17 9
fe=(48)
-7 3
+3 2
-3 1
+3 1
cfi=(50)
cfn=(188)
calls=1 -14 
* 6
+1 3
+1 2

fl=(76) /build/glibc-bfm8X4/glibc-2.23/elf/dl-altinit.c
fn=(280) dlinit_alt
33 3
+1 1

fl=(104)
fn=(528)
41 3
+4 3
+1 3
+1 3
+1 3
+1 3
+1 3
+1 3
+1 3
+1 3
+1 3
+1 3
+1 3
+1 3
+1 3
+1 3
+1 3
+1 3
+1 3
+1 3
+1 3
+1 3
+1 3
+1 3
+1 3
+1 3
+1 3
+1 3
+1 3
+1 3
+1 3
+1 3
+1 3
+1 3
+1 3
+1 3
+1 3
+1 3
+1 3
+1 3
+1 3
+1 3

fn=(468)
41 508
+4 508
+1 508
+1 502
+1 502
+1 490
+1 490
+1 466
+1 466
+1 466
+1 466
+1 466
+1 466
+1 466
+1 466
+1 466
+1 466
+1 466
+1 466
+1 466
+1 466
+1 466
+1 466
+1 466
+1 466
+1 466
+1 466
+1 466
+1 466
+1 466
+1 466
+1 466
+1 466
+1 466
+1 466
+1 466
+1 466
+1 466
+1 466
+1 466
+1 466
+1 466
+3 24
+1 24
+23 24
+1 24
+1 12
+1 12
+1 12
+1 12
+1 12
+1 12
+1 12
+1 12
+1 12
+4 12
+1 12
+1 12
+1 12
+1 12
+4 12
+1 12
+1 12
+1 12
+1 12
+1 12
+1 12
+36 6
+1 6
+1 6
+1 6
+1 6
+1 6
+1 6
+1 6
+1 6
+1 6
+1 6
+1 6
+1 6
+1 6
+1 6
+1 6
+1 6
+1 6
+1 6
+1 6
+1 6
+1 6
+2 6
+1 6
+1 6
+1 6
+1 6
+1 6
+1 6
+1 6
+1 6
+1 6
+1 6
+1 6
-11 60
+1 60
+1 60
+1 60
+1 60
+1 60
+1 60
+1 60
+1 60
+1 60
+1 60
+1 60
+1 6
+1 6
+1 6
+1 6
+1 6
+1 6
+1 6
+1 6
+1 6
+1 6
+1 6
+1 6
+1 6
+1 6

fl=(53) /build/glibc-bfm8X4/glibc-2.23/time/../sysdeps/unix/sysv/linux/x86/gettimeofday.c
fn=(198) gettimeofday
37 1
-1 1
+1 6
fi=(49)
+11 3
+14 4
-17 3
+3 9
+14 12
-17 9
fe=(53)
-8 3
+3 2
-3 1
+3 1
cfi=(50)
cfn=(188)
calls=1 -13 
* 6
+1 3
+1 2

ob=(1)
fl=(19) /build/glibc-bfm8X4/glibc-2.23/string/../sysdeps/x86_64/multiarch/../strcmp.S
fn=(54) strcmp
144 510
+1 510
+2 510
+1 510
+21 510
+1 510
+1 318
+1 318
+1 272
+1 272
+1 272
+1 272
+21 272
+1 272
+1 272
+1 272
+1 272
+1 272
+1 272
+5 17
+1 17
+9 17
+1 17
+1 17
+1 17
+1 17
+1 17
+1 17
+1 17
-7 238
+1 238
+1 238
+1 238
+1 238
+1 238
+1 238
+1 238
+1 251
+1 195
+1 195
+1 195
+2 195
+1 195
+1 195
+1 195
+1 195
+1 195
-5 56
+1 56
+1 56
+1 56
+1 56
+1 56
+10 4
+1 4
+1 4
+2 4
+6 4
+1 4
+1 4
+1 4
+1 4
+5 4
+2 3
+1 3
+1 6
+8 3
+1 3
+3 3
+1 3
+1 3
+1 3
+1 3
+1 3
696 1
+1 1
+1 1
+1 1
+1 1
+2 1
+1 1
+1 1
+1 1
+1 1
+1 1
+1 1
+1 1
+4 1
+1 1
+1 1
+6 1
+1 1
+1 2
+4 1
+1 1
+3 1
+1 1
+1 1
+3 1
+1 1
+1 1
+6 1
+1 1
+1 1
+1 1
+1 1
+1 1
+7 1
+1 1
+2 1
+1 1
+2 1
+1 1
+1 1
+3 1
+1 1
+1 1
+6 1
+1 1
+1 1
+1 1
+1 1
+1 1
946 3
+1 3
+1 3
+1 3
+1 3
+2 3
+1 3
+1 3
+1 3
+1 3
+1 3
+1 3
+1 3
+4 3
+1 3
+1 3
+6 3
+1 3
+1 6
+4 3
+1 3
+3 3
+1 3
+1 3
+3 3
+1 3
+1 3
+6 3
+1 3
+1 3
+1 3
+1 3
+1 3
+72 6
+1 6
+1 6
+1 6
+1 6
+2 6
+1 6
+1 6
+1 6
+1 6
+1 6
+1 6
+1 5
+4 5
+1 5
+1 5
+6 5
+1 5
+1 10
+4 5
+1 5
+3 5
+1 5
+1 5
+3 5
+1 5
+1 5
+6 5
+1 5
+1 5
+1 5
+1 5
+1 5
+72 7
+1 7
+1 7
+1 7
+1 7
+2 7
+1 7
+1 7
+1 7
+1 7
+1 7
+1 7
+1 3
+4 3
+1 3
+1 3
+6 3
+1 3
+1 6
+4 3
+1 3
+3 3
+1 3
+1 3
+3 3
+1 3
+1 3
+6 3
+1 3
+1 3
+1 3
+1 3
+1 3
+7 1
+1 1
+2 1
+1 1
+2 1
+1 1
+1 1
+3 1
+1 1
+1 1
+6 1
+1 1
+1 1
+1 1
+1 1
+1 1
+41 64
+1 64
+1 64
+1 64
+1 64
+2 64
+1 64
+1 64
+1 64
+1 64
+1 64
+1 64
+1 1
+4 1
+1 1
+1 1
+6 1
+1 1
+1 2
+4 1
+1 1
+3 1
+1 1
+1 1
+3 1
+1 1
+1 1
+6 1
+1 1
+1 1
+1 1
+1 1
+1 1
+72 16
+1 16
+1 16
+1 16
+1 16
+2 16
+1 16
+1 16
+1 16
+1 16
+1 16
+1 16
+1 1
+4 1
+1 1
+1 1
+6 1
+1 1
+1 2
+4 1
+1 1
+3 1
+1 1
+1 1
+3 1
+1 1
+1 1
+6 1
+1 1
+1 1
+1 1
+1 1
+1 1
+72 12
+1 12
+1 12
+1 12
+1 12
+2 12
+1 12
+1 12
+1 12
+1 12
+1 12
+1 12
+1 1
+4 1
+1 1
+1 1
+6 1
+1 1
+1 2
+4 1
+1 1
+3 1
+1 1
+1 1
+3 1
+1 1
+1 1
+6 1
+1 1
+1 1
+1 1
+1 1
+1 1
+72 20
+1 20
+1 20
+1 20
+1 20
+2 20
+1 20
+1 20
+1 20
+1 20
+1 20
+1 20
+1 1
+4 1
+1 1
+1 1
+6 1
+1 1
+1 2
+4 1
+1 1
+3 1
+1 1
+1 1
+3 1
+1 1
+1 1
+6 1
+1 1
+1 1
+1 1
+1 1
+1 1
+72 8
+1 8
+1 8
+1 8
+1 8
+2 8
+1 8
+1 8
+1 8
+1 8
+1 8
+1 8
+1 5
+4 5
+1 5
+1 5
+6 5
+1 5
+1 10
+4 5
+1 5
+3 5
+1 5
+1 5
+3 5
+1 5
+1 5
+6 5
+1 5
+1 5
+1 5
+1 5
+1 5
+7 1
+1 1
+2 1
+1 1
+2 1
+1 1
+1 1
+3 1
+1 1
+1 1
+6 1
+1 1
+1 1
+1 1
+1 1
+1 1
+41 31
+1 31
+1 31
+1 31
+1 31
+2 31
+1 31
+1 31
+1 31
+1 31
+1 31
+1 31
+1 5
+4 5
+1 5
+1 5
+6 5
+1 5
+1 10
+4 5
+1 5
+3 5
+1 5
+1 5
+3 5
+1 5
+1 5
+6 5
+1 5
+1 5
+1 5
+1 5
+1 5
+72 83
+1 83
+1 83
+1 83
+1 83
+2 83
+1 83
+1 83
+1 83
+1 83
+1 83
+1 83
+2 4
+4 4
+1 4
+1 4
+6 4
+1 4
+2 8
+4 4
+1 4
+3 4
+1 4
+1 4
+3 4
+1 4
+1 4
+6 4
+1 4
+1 4
+1 4
+1 4
+1 4
+44 2
+1 2
+1 2
+1 2
+7 2
+1 2
+1 2
+18 33
+2 33
+1 33
+1 33
+1 33
-3 222
+1 222
+1 222
+1 222
+1 585
+5 195
+6 195
+1 195
+8 195
+1 195
-16 315
+6 315
+1 315
+8 315
+1 315

fl=(45) /build/glibc-bfm8X4/glibc-2.23/elf/dl-version.c
fn=(162) match_symbol
76 176
+9 16
-8 16
-1 32
+1 16
+8 16
+6 48
+15 16
+1 32
+2 16
+5 32
+14 254
+12 333
+4 111
-30 222
+19 80
cfi=(19)
cfn=(54)
calls=16 +11 
* 606
* 32
+35 128

fn=(160) _dl_check_map_versions
189 18
-15 54
+17 6
+3 18
-3 6
+2 6
+1 6
+2 6
-3 6
+3 6
+3 8
+4 4
-4 4
+4 16
+17 4
56 8
220 4
56 20
220 3
56 6
220 3
56 15
+1 28
-1 56
+2 105
cfi=(35) /build/glibc-bfm8X4/glibc-2.23/elf/dl-misc.c
cfn=(110) _dl_name_match_p
calls=35 288 
* 3763
* 77
228 21
+5 56
+19 9
-15 212
cfn=(162)
calls=4 76 
* 557
* 48
cfn=(162)
calls=12 76 
* 1625
* 16
+7 96
+3 48
+9 42
+5 9
+1 3
+8 8
+3 12
+10 33
-7 132
+3 99
-3 12
+3 9
+8 15
+87 8
-81 20
cfi=(17)
cfn=(36) calloc
calls=5 103 
* 241
* 5
+1 5
-2 5
+2 5
+11 5
+2 5
-5 5
+3 5
+2 5
-2 5
+2 5
+3 16
+4 21
+18 9
-15 27
+2 27
-2 21
+2 21
+2 16
+1 16
-1 32
+1 16
-1 16
+1 16
+1 16
-2 16
+2 32
+1 48
+3 48
+8 21
+5 3
+1 3
+4 15
+3 12
+20 33
-14 72
-2 33
+7 66
+1 33
-1 99
+1 33
-1 33
+1 33
+1 33
+3 108
+10 45
183 2
-8 2
+95 4
-80 2

fn=(158) _dl_check_all_versions
380 5
+4 7
+2 42
cfn=(160)
calls=6 189 
* 8741
-2 6
+2 18
-1 6
-1 12
+5 7

fl=(33) /build/glibc-bfm8X4/glibc-2.23/elf/dl-error.c
fn=(100) _dl_catch_error
163 18
+15 9
-3 18
+1 18
-13 18
+14 18
+1 9
+2 9
cfi=(2)
cfn=(102) _dl_initial_error_catch_tsd
calls=9 664 
* 18
+2 9
-1 9
+4 9
-3 18
+3 9
-4 9
+4 9
cfi=(34) /build/glibc-bfm8X4/glibc-2.23/setjmp/../sysdeps/x86_64/setjmp.S
cfn=(104) __sigsetjmp
calls=9 26 
* 180
* 27
+2 27
cfi=(41) /build/glibc-bfm8X4/glibc-2.23/elf/dl-deps.c
cfn=(138) openaux
calls=8 60 
* 16168
cfi=(2)
cfn=(106) map_doit
calls=1 496 
* 2372
+1 18
+2 9
+1 9
-3 9
+1 18
+1 9
+9 9
-8 9
+8 27

fn=(154) _dl_receive_error
205 10
+1 1
cfi=(2)
cfn=(102)
calls=1 664 
* 2
+5 1
-1 1
-4 1
+9 1
+2 1
-3 1
+3 1
cfi=(2)
cfn=(156) version_check_doit
calls=1 529 
* 8854
+2 1
+1 1
+1 8

fl=(79)
fn=(322)
64 1
+3 1
+2 1
+2 1
+3 1
+1 1
+1 1
+1 1
+1 1
+1 1
+1 1
+1 1
+1 1
+1 1
+1 1
+1 1
+1 1
+1 1
+1 1
+5 1
+1 1
+1 1
+1 1
+14 1
+1 1
+1 1
cfi=(80) /build/glibc-bfm8X4/glibc-2.23/elf/../elf/dl-runtime.c
cfn=(324) _dl_fixup
calls=1 -46 
* 1085
+1 1
+5 1
+1 1
+1 1
+1 1
+13 1
+1 1
+1 1
+1 1
+1 1
+1 1
+1 1
+1 1
+1 1
+1 1
+1 1
+1 1
+1 1
+1 1
+1 1
+2 1
+2 1
+4 1
+3 1
cob=(3)
cfi=(81)
cfn=(328)
calls=1 -25 
* 17669022751

fn=(323)
64 40
+3 40
+2 40
+2 40
+3 40
+1 40
+1 40
+1 40
+1 40
+1 40
+1 40
+1 40
+1 40
+1 40
+1 40
+1 40
+1 40
+1 40
+1 40
+5 40
+1 40
+1 40
+1 40
+14 40
+1 40
+1 40
cfi=(80)
cfn=(324)
calls=40 -46 
* 33147
+1 40
+5 40
+1 40
+1 40
+1 40
+13 40
+1 40
+1 40
+1 40
+1 40
+1 40
+1 40
+1 40
+1 40
+1 40
+1 40
+1 40
+1 40
+1 40
+1 40
+2 40
+2 40
+4 40
+3 40
cob=(4)
cfi=(122)
cfn=(668)
calls=1 26 
* 299
cob=(4)
cfi=(120)
cfn=(658)
calls=1 25 
* 116
cob=(4)
cfi=(118)
cfn=(646)
calls=1 28 
* 143
cob=(6)
cfi=(96)
cfn=(636)
calls=1 829 
* 3940
cob=(6)
cfi=(102)
cfn=(624)
calls=1 559 
* 13604
cob=(6)
cfi=(116)
cfn=(610)
calls=1 -99 
* 16606
cob=(6)
cfi=(116)
cfn=(604)
calls=1 +94 
* 17480
cob=(6)
cfi=(115)
cfn=(598)
calls=1 -22 
* 18307
cob=(6)
cfi=(114)
cfn=(590)
calls=1 +12 
* 20073
cob=(6)
cfi=(113)
cfn=(580)
calls=1 588 
* 9525
cob=(6)
cfi=(113)
cfn=(574)
calls=1 765 
* 10387
cob=(6)
cfi=(112)
cfn=(568)
calls=1 522 
* 11201
cob=(6)
cfi=(111)
cfn=(562)
calls=1 +25 
* 31376
cob=(6)
cfi=(96)
cfn=(556)
calls=2 -27 
* 297
cob=(4)
cfi=(109)
cfn=(548)
calls=1 -22 
* 54
cob=(6)
cfi=(107)
cfn=(540)
calls=1 49 
* 29614
cob=(6)
cfi=(106)
cfn=(534)
calls=1 36 
* 30459
cob=(3)
cfi=(104)
cfn=(528)
calls=1 41 
* 42
cob=(6)
cfi=(102)
cfn=(516)
calls=1 +94 
* 332662
cob=(6)
cfi=(102)
cfn=(510)
calls=1 338 
* 364507
cob=(6)
cfi=(102)
cfn=(504)
calls=1 408 
* 25
cob=(3)
cfi=(87)
cfn=(498)
calls=2 2934 
* 232
cob=(6)
cfi=(102)
cfn=(492)
calls=1 378 
* 18
cob=(6)
cfi=(105)
cfn=(486)
calls=1 +65 
* 29
cob=(6)
cfi=(96)
cfn=(480)
calls=1 977 
* 4010
cob=(6)
cfi=(102)
cfn=(474)
calls=1 392 
* 193
cob=(3)
cfi=(104)
cfn=(468)
calls=1 41 
* 42
cob=(6)
cfi=(102)
cfn=(460)
calls=1 369 
* 1183
cob=(3)
cfi=(101)
cfn=(450)
calls=1 38 
* 193
cob=(3)
cfi=(87)
cfn=(430)
calls=1 5021 
* 396
cob=(6)
cfi=(96)
cfn=(424)
calls=2 -45 
* 2236
cob=(3)
cfi=(87)
cfn=(418)
calls=1 3172 
* 237
cob=(6)
cfi=(97)
cfn=(410)
calls=1 -69 
* 53
cob=(6)
cfi=(96)
cfn=(396)
calls=1 408 
* 42514
cfi=(91) /build/glibc-bfm8X4/glibc-2.23/elf/dl-open.c
cfn=(376) _dl_find_dso_for_object
calls=1 +23 
* 39
cob=(3)
cfi=(87)
cfn=(360)
calls=2 2902 
* 59526

fl=(6) /build/glibc-bfm8X4/glibc-2.23/elf/dl-lookup.c
fn=(10) _dl_setup_hash
956 18
+4 6
+4 12
+2 6
-1 6
+3 18
+1 6
+1 6
+3 6
-3 6
+7 6
-4 6
-1 6
+3 6
+2 6
-7 6
+7 6
+1 6

fn=(178) do_lookup_x
355 1204
+1 172
-1 860
+48 172
-30 172
-11 172
+41 172
+7 344
-7 344
-30 688
+37 688
-44 344
+3 344
-3 998
+3 998
+4 1380
+4 1330
+4 1330
+6 1995
+8 665
-4 665
+1 665
+3 1330
+1 1995
+3 665
+1 1330
+2 1330
+8 665
-8 665
+8 6650
-99 507
553 2880
+1 186
cfi=(35)
cfn=(110)
calls=93 288 
* 9895
* 279
+3 1539
+3 14
+1 1376
-92 316
+50 1192
+4 54
+12 316
+1 158
+1 316
413 1158
+2 386
+2 2470
+13 693
-10 1945
+2 316
+1 790
-1 158
+1 1106
-1 158
+1 474
cfn=(180) check_match
calls=158 92 
* 13328
+4 474
+34 64
+94 224
439 1422

fn=(180)
92 1264
+3 1108
+12 948
+3 848
cfi=(19)
cfn=(54)
calls=54 +34 
* 2505
* 108
+5 158
-1 158
+1 158
+2 200
+19 200
+1 800
+46 158
-7 158
+7 790
-18 116
+2 58
+1 232
-1 290
-29 300
cfi=(19)
cfn=(54)
calls=100 +6 
* 2471
* 300

fn=(176) _dl_lookup_symbol_x
806 1892
568 172
806 688
568 860
+1 172
-1 172
+1 516
-1 516
+1 2393
-1 2393
+1 7179
-1 7523
808 172
+4 172
+4 172
-8 172
+1 344
+7 372
+7 172
-2 172
+2 172
-2 172
+6 172
-7 172
+7 344
-7 1032
+15 14
-8 70
+2 2408
cfn=(178)
calls=172 355 
* 74526
+3 516
+26 344
+22 158
+1 1106
+31 158
+9 790
+14 474
+3 632
+5 158
+2 1376
-85 98
+16 14
+1 28
+59 2

fl=(9) /build/glibc-bfm8X4/glibc-2.23/elf/../sysdeps/unix/sysv/linux/dl-sysdep.c
fn=(60) _dl_discover_osversion
45 7
+2 3
+85 8
-45 3
cfi=(21) /build/glibc-bfm8X4/glibc-2.23/posix/../sysdeps/unix/syscall-template.S
cfn=(62) uname
calls=1 -3 
* 5
* 1
+15 1
-15 1
+20 1
-1 1
+3 12
+4 3
-2 6
+2 10
+2 1
+1 2
-3 4
+7 3
-1 3
+4 3
-2 3
+2 10
+5 2

fl=(12) /build/glibc-bfm8X4/glibc-2.23/elf/../misc/sbrk.c
fn=(24) sbrk
34 4
+8 6
+4 2
+16 5

fl=(13) /build/glibc-bfm8X4/glibc-2.23/elf/dl-environ.c
fn=(28) _dl_next_ld_env_entry
30 3
+3 10
+13 32
-13 96
+2 68
+1 34
+5 2
-3 2
+3 2
+2 2
-12 1
+19 1

fl=(27) /build/glibc-bfm8X4/glibc-2.23/string/../sysdeps/x86_64/multiarch/../memset.S
fn=(74) memset
53 20
+1 20
+1 20
+1 20
+1 20
+2 20
+1 20
+1 16
+1 16
+6 1
+9 4
+1 4
+1 4
+1 4
+1 4
+1 4
+1 4
+1 4
+1 4
+1 4
+1 4
+1 4
+1 4
+1 7
+3 3
+1 3
+1 3
+1 3
+1 3
+1 3
+1 3
-6 40
+1 40
+1 40
+1 40
+1 40
+1 40
+1 40
+1 3
+3 16
+1 16
+1 16
+1 6
+1 6
+1 2
+1 2
+3 2
+1 2
+1 2
+1 2
+2 4
+1 4
+1 4
+2 10
+1 10
+1 10

fl=(37) /build/glibc-bfm8X4/glibc-2.23/io/../sysdeps/unix/sysv/linux/wordsize-64/fxstat.c
fn=(124) _fxstat
34 5
-1 5
+1 5
+1 30
+4 5

fl=(21)
fn=(62)
84 4
+1 1

fl=(7) /build/glibc-bfm8X4/glibc-2.23/elf/../elf/dl-sysdep.c
fn=(12) _dl_sysdep_start
86 8
+25 1
-1 1
+1 111
+6 1
-3 1
+1 1
-4 1
+3 1
+3 4
+1 2
-1 25
+1 108
-1 106
+62 1
+1 1
-1 1
+1 1
-29 1
+1 2
+11 1
+1 1
-1 1
+1 1
-7 1
+1 1
-1 1
+1 1
-4 1
+1 2
-25 1
+1 2
-4 1
+1 2
-7 1
+1 1
+2 1
+1 1
fi=(9)
-90 2
cfi=(10) /build/glibc-bfm8X4/glibc-2.23/elf/../sysdeps/unix/sysv/linux/x86_64/brk.c
cfn=(18) brk
calls=1 -4 
* 11
fi=(5) /build/glibc-bfm8X4/glibc-2.23/elf/../sysdeps/x86_64/dl-machine.h
223 5
fi=(8) /build/glibc-bfm8X4/glibc-2.23/elf/../sysdeps/x86/cpu-features.c
61 2
+3 1
-3 1
+3 9
175 3
+1 1
+3 2
+1 1
+2 2
+1 7
+7 3
+4 2
+2 4
+51 2
fe=(7)
-16 1
fi=(8)
+27 1
+1 1
+1 1
fe=(7)
-29 1
+1 1
cfi=(11) /build/glibc-bfm8X4/glibc-2.23/string/../sysdeps/x86_64/strlen.S
cfn=(22) strlen
calls=1 66 
* 32
* 1
+2 2
cfi=(12)
cfn=(24)
calls=1 34 
* 17
* 3
+12 3
+3 5
cfi=(2)
cfn=(26) dl_main
calls=1 790 
* 154353
+1 1
+1 8
fi=(8)
-4 2
+1 2
+4 2
-52 2
+1 1
+6 3
+2 1
+3 3
+16 2
+1 1
+2 2
29 2
+4 1
-4 1
+5 1
-1 1
+2 1
-1 1
+1 1
-2 1
+1 1
+1 1
+1 1
-7 2
+3 1
+4 1
+5 1
+32 2
-32 1
+27 1
+5 1
+3 1
+1 8
+57 2
-66 2
+44 2
248 2
+3 2
fe=(7)

fn=(236) _dl_sysdep_start_cleanup
256 1

fl=(39) /build/glibc-bfm8X4/glibc-2.23/misc/../sysdeps/unix/syscall-template.S
fn=(240) munmap
84 4
+1 1

fn=(128) mprotect
84 40
+1 10

fl=(10)
fn=(18)
31 7
+8 1
-6 2
+7 1

fl=(28) /build/glibc-bfm8X4/glibc-2.23/string/strdup.c
fn=(78) strdup
40 24
+1 6
cfi=(11)
cfn=(22)
calls=6 +25 
* 186
* 6
+1 12
cfi=(17)
cfn=(40) malloc
calls=6 +52 
* 174
* 6
+2 12
+4 6
-1 12
+1 12
-1 12
cfi=(18) /build/glibc-bfm8X4/glibc-2.23/string/../sysdeps/x86_64/multiarch/../memcpy.S
cfn=(46) memcpy
calls=6 +14 
* 248

fl=(34)
fn=(104)
26 9
+9 9
+1 18
+1 9
+4 9
+1 9
+1 9
+1 9
+1 9
+2 18
+2 9
+1 9
+1 9
+2 18
+2 9
+4 9
+1 9

fl=(31) /build/glibc-bfm8X4/glibc-2.23/elf/dl-tls.c
fn=(166) _dl_determine_tlsoffset
138 7
+6 3
+3 2
+36 3
+2 10
-2 1
+2 2
+3 2
-1 2
+5 4
-5 6
+3 6
+2 10
+16 6
+2 4
-2 4
+2 4
+4 3
+6 1
-37 2
+25 1
-25 2
+37 1
-37 2
+25 1
-25 4
+40 4
+1 1
+51 1
+1 8

fn=(168) _dl_allocate_tls_storage
354 3
+2 1
+11 3
cfi=(17)
cfn=(44) __libc_memalign
calls=1 52 
* 76
* 1
+1 2
+7 2
+4 1
-57 1
+57 296
-58 2
+1 2
cfi=(17)
cfn=(36)
calls=1 103 
* 38
* 1
+1 2
+3 1
+6 2
+64 5

fn=(144) _dl_next_tls_modid
49 2
+3 8
+48 2
+4 4

fn=(204) _dl_add_to_slotinfo
890 6
+9 2
-9 2
+6 4
+8 10
+41 2
+1 6
+1 8

fn=(234) _dl_allocate_tls_init
450 2
-1 7
+5 1
+6 3
-6 1
+6 1
-4 1
+16 1
-15 3
+20 6
+6 20
+3 2
+1 4
+6 6
+3 2
-2 4
+2 8
+1 2
+3 2
-1 6
+4 4
+1 8
+2 4
+9 12
cfi=(25) /build/glibc-bfm8X4/glibc-2.23/string/../sysdeps/x86_64/memcpy.S
cfn=(70) mempcpy
calls=2 61 
* 37
* 8
cfi=(27)
cfn=(74)
calls=2 53 
* 59
* 4
-38 6
+52 2
+2 1
+1 8

fn=(92) _dl_count_modids
115 2
+1 2

fl=(29) /build/glibc-bfm8X4/glibc-2.23/string/../sysdeps/x86_64/multiarch/../strchr.S
fn=(84) index
24 16
+1 16
+1 16
+1 16
+1 16
+1 16
+1 16
+1 16
+1 15
+1 15
+1 15
+1 15
+1 15
+1 15
+1 15
+1 15
+1 15
+1 11
+4 11
+1 11
+1 11
+1 11
+2 11
+4 4
+1 4
+1 4
+1 4
+1 4
+1 4
+1 4
+1 4
+1 4
+1 4
+1 4
+1 4
+1 4
+1 4
+1 4
+1 4
+1 4
+1 4
+1 4
+1 4
+1 4
+1 4
+1 4
+1 4
+52 5
+4 5
+1 5
+1 5
+1 5
+2 5
+4 1
+1 1
+1 1
+1 1
+1 1
+1 1
+1 1
+1 1
+1 1
+1 1
+1 1
+1 1
+1 1
+1 1
+1 1
+1 1
+1 1
+1 1
+1 1
+1 1
+1 1
+1 1
+1 1
+1 1
+1 1
+1 1
+1 1
+1 1
+1 1
+1 1
+1 1
+1 1
+1 1
+1 1
+1 1
+1 1
+1 1
+1 1

fl=(80)
fn=(324)
66 82
+5 82
-5 41
+3 82
+3 41
-1 82
-3 41
+5 246
+1 41
-1 41
+1 82
+5 82
+4 82
+4 123
+4 41
+1 205
+2 164
+7 82
-1 41
+1 41
+10 369
cfi=(6)
cfn=(176)
calls=41 806 
* 31125
* 41
+4 205
+10 246
+16 41
-8 41
+8 123
+4 123
fi=(5)
+90 41
fe=(80)
-86 123
fi=(99) /build/glibc-bfm8X4/glibc-2.23/elf/../sysdeps/x86_64/dl-irel.h
32 3
cob=(3)
cfi=(54)
cfn=(202)
calls=1 -32 
* 11
cob=(3)
cfi=(103)
cfn=(466)
calls=1 * 
* 7
cob=(3)
cfi=(100)
cfn=(448)
calls=1 -4 
* 8
* 3
fe=(80)

fl=(127)
fn=(686)
130 8
+17 1
+3 15
+3 2
cfi=(2)
cfn=(50)
calls=1 704 
* 2
+2 1
+3 2
+2 6
+8 1
-3 1
+3 8
+7 12
+2 12
+2 6
+1 6
+5 6
-6 6
-6 6
+8 6
-8 13
+14 9
+1 2
+4 1
31 1
+2 1
192 1
33 1
+6 1
-1 1
+2 1
-2 2
+1 8
+1 1
cfi=(27)
cfn=(74)
calls=1 +13 
* 15
* 1
+77 25
+3 32
cfi=(27)
cfn=(74)
calls=4 -67 
* 69
* 12
-76 18
+1 18
+4 24
+6 12
+1 12
+2 60
+1 31
+2 72
+1 54
+5 10
cfi=(44) /build/glibc-bfm8X4/glibc-2.23/string/../string/memmove.c
cfn=(152) memmove
calls=1 -22 
* 66
+12 2
-10 1
+10 4
-10 1
+10 3
201 3
cfi=(2)
cfn=(52)
calls=1 710 
* 2
+5 3
81 4
208 1
+2 3
-2 5
+2 15
+3 12
+3 18
+4 8
+9 4
+3 4
-3 4
+3 8
+2 16
+1 8
cob=(4)
cfi=(61) ???
cfn=(740) 0x0000000000005690
calls=1 0 
* 78
cob=(6)
cfi=(77)
cfn=(722)
calls=1 0 
* 78
cob=(5) /usr/lib/valgrind/vgpreload_core-amd64-linux.so
cfi=(67) ???
cfn=(700) 0x0000000000000610
calls=1 0 
* 78
cob=(7)
cfi=(78)
cfn=(688)
calls=1 0 
* 16
-1 16
+5 8
+1 12
cob=(2)
cfi=(16)
cfn=(756)
calls=1 0 
* 3
cob=(2)
cfi=(16)
cfn=(738)
calls=1 0 
* 3
cob=(2)
cfi=(16)
cfn=(720)
calls=1 0 
* 3
cob=(2)
cfi=(16)
cfn=(698)
calls=1 0 
* 3
+6 36
+16 12
-56 15
+11 6
92 33
+21 11
-57 26
+30 6
cfi=(44)
cfn=(152)
calls=1 -41 
* 36
+1 3
268 4
+2 1
-2 2
+6 2
+7 8

fl=(35)
fn=(148) _dl_sysdep_read_whole_file
45 2
+7 1
-7 3
+7 1
-7 3
+7 1
cfi=(24) /build/glibc-bfm8X4/glibc-2.23/io/../sysdeps/unix/syscall-template.S
cfn=(114) open
calls=1 +32 
* 5
+1 2
+2 5
cfi=(37)
cfn=(124)
calls=1 -21 
* 10
* 2
+2 1
+3 1
-3 1
+3 1
+13 2
cfi=(24)
cfn=(134) close
calls=1 +11 
* 5
+3 7
-14 6
cfi=(26) /build/glibc-bfm8X4/glibc-2.23/misc/../sysdeps/unix/sysv/linux/wordsize-64/mmap.c
cfn=(72) mmap
calls=1 -29 
* 33
* 2

fn=(110)
288 790
+1 316
cfi=(19)
cfn=(54)
calls=158 144 
* 6226
* 158
+1 158
-1 158
+3 158
+2 316
+4 158
-4 316
+1 510
cfi=(19)
cfn=(54)
calls=170 144 
* 6940
* 340
-5 12
+11 206
-1 146
+1 584

fl=(11)
fn=(22)
66 25
+1 25
+1 25
+1 25
+1 25
+1 25
+1 25
+2 25
+2 25
+30 23
+1 23
+1 23
+1 23
+1 23
+1 11
+1 11
+4 12
+1 12
+1 12
+1 12
+1 12
+1 12
+1 12
+1 12
+1 12
+1 12
+1 12
+1 12
+5 96
+4 2
+1 28
+1 16

fl=(22) /build/glibc-bfm8X4/glibc-2.23/elf/dl-load.c
fn=(112) open_verify.constprop.7
1695 154
+39 14
-39 42
+39 54
+31 56
cfi=(24)
cfn=(114)
calls=14 84 
* 110
+2 14
-2 14
+2 18
+10 4
+1 8
+5 32
cfi=(24)
cfn=(116) read
calls=4 84 
* 20
+2 8
+2 4
+2 4
-2 8
+2 4
+6 8
+16 16
cfi=(14) /build/glibc-bfm8X4/glibc-2.23/string/../sysdeps/x86_64/multiarch/../memcmp.S
cfn=(30) bcmp
calls=4 24 
* 114
* 36
cfi=(14)
cfn=(30)
calls=4 24 
* 144
* 8
+74 8
+5 8
+2 16
+6 8
+11 8
+6 4
+1 4
-1 16
+1 4
-1 4
+1 8
+1 12
+20 204
+2 70
+4 16
+1 12
+12 28
+4 12
+5 2
+1 2
-13 8
cfi=(14)
cfn=(30)
calls=2 24 
* 50
* 16
cfi=(14)
cfn=(30)
calls=4 24 
* 120
* 12
+16 4
+3 14
+3 6
+1 10
-39 4
+67 42
-23 10
+23 70
1804 4
+7 8
cfi=(14)
cfn=(30)
calls=2 24 
* 48
* 4

fn=(140) open_path
2018 40
+1 5
+6 5
-6 5
+6 5
+5 45
+52 5
-59 5
-1 5
+60 5
-52 40
+74 20
-62 5
-9 5
+9 5
+7 20
cfi=(25)
cfn=(70)
calls=5 61 
* 140
+1 5
-1 5
+1 25
+20 16
+26 1
-25 1
+23 1
+2 2
-46 75
+3 40
+5 22
-1 11
+1 22
-1 33
cfi=(25)
cfn=(70)
calls=11 61 
* 212
* 44
cfi=(25)
cfn=(70)
calls=11 61 
* 253
-1 11
+7 11
-7 11
+7 11
+3 99
cfn=(112)
calls=11 1695 
* 751
* 11
+2 55
+26 12
+2 6
+25 3
cfi=(17)
cfn=(40)
calls=1 94 
* 29
* 1
* 1
+1 2
-1 1
+1 1
+2 5
cfi=(18)
cfn=(46)
calls=1 61 
* 46
+1 2
+34 8
-24 28
+7 4
-2 4
+2 12
+3 12
+14 4
-27 4
+27 28
-84 14
+1 63
+6 7
+2 7
-2 7
+2 14
-2 7
+2 7
cfi=(42) /build/glibc-bfm8X4/glibc-2.23/io/../sysdeps/unix/sysv/linux/wordsize-64/xstat.c
cfn=(142) _xstat
calls=7 34 
* 88
* 14
+1 1
+2 1
-2 1
+2 7
+7 3
-7 6
+7 18
-30 6
+23 12

fn=(76) decompose_rpath
542 7
+12 1
-10 1
+10 3
+31 4
cfi=(28)
cfn=(78)
calls=1 40 
* 167
+1 1
-1 1
+1 1
+7 8
+9 6
-9 60
+9 180
+6 2
cfi=(17)
cfn=(40)
calls=1 94 
* 29
* 1
+2 1
-2 1
+2 1
+8 9
cfn=(80) fillin_rpath
calls=1 433 
* 815
+4 2
cob=(2)
cfi=(16)
cfn=(86)
calls=1 0 
* 7
+2 1
+2 1
+1 3
+1 8

fn=(118) _dl_map_object_from_fd
871 44
+10 4
-10 4
+10 4
-10 12
+10 4
cfi=(30) /build/glibc-bfm8X4/glibc-2.23/elf/dl-debug.c
cfn=(90) _dl_debug_initialize
calls=4 50 
* 32
fi=(36) /build/glibc-bfm8X4/glibc-2.23/elf/../sysdeps/posix/dl-fileid.h
37 12
fe=(22)
881 4
fi=(36)
37 4
cfi=(37)
cfn=(124)
calls=4 -3 
* 40
* 8
+4 4
fe=(22)
897 4
fi=(36)
40 4
+1 4
fe=(22)
897 70
+1 28
fi=(36)
49 34
fe=(22)
1443 32
915 8
+24 8
+10 8
+22 16
+32 8
882 4
1006 28
cfi=(15) /build/glibc-bfm8X4/glibc-2.23/elf/dl-object.c
cfn=(32) _dl_new_object
calls=4 61 
* 1600
+1 4
-1 4
+1 4
+11 8
+1 4
-1 4
+2 4
-1 4
+4 4
-1 8
-2 4
+2 8
+1 12
+1 4
+19 4
-2 4
+10 4
-8 24
+8 4
-8 12
+8 4
+87 4
+8 4
-8 16
+8 4
-8 12
-86 64
-1 256
+1 179
+6 8
+1 12
+1 4
+9 40
+5 64
+9 24
-1 24
+1 8
+1 16
+2 8
-2 8
+1 8
-1 8
+3 8
+4 8
-7 8
+2 8
+1 8
+4 8
+1 24
+4 12
-14 4
+14 24
+11 4
-11 12
-14 4
+14 24
+11 4
-44 2
+1 1
+46 6
+4 2
+1 2
+1 2
-1 4
+1 2
+3 6
+1 2
+3 2
-3 2
+7 8
+6 2
cfi=(31)
cfn=(144)
calls=2 49 
* 16
* 4
+1 2
+59 8
+1 12
+1 4
-6 8
+1 4
+8 12
1019 4
1207 4
1019 4
1207 4
+10 12
fi=(38) /build/glibc-bfm8X4/glibc-2.23/elf/./dl-map-segments.h
56 8
fe=(22)
1217 12
fi=(38)
56 4
fe=(22)
1217 4
fi=(38)
56 4
fe=(22)
1217 8
fi=(38)
56 24
cfi=(26)
cfn=(72)
calls=4 -23 
* 140
+4 4
-4 4
+4 8
+3 8
+1 4
+2 4
-2 4
-1 4
+3 4
+10 8
fi=(40) /build/glibc-bfm8X4/glibc-2.23/elf/./dl-load.h
+14 16
+1 12
+2 16
fi=(38)
+7 32
+6 4
+2 4
-2 4
+1 4
+2 4
-1 4
+1 4
-1 12
+8 8
+17 8
+12 8
-59 40
+2 8
+2 4
-2 8
+2 40
cfi=(26)
cfn=(72)
calls=4 -57 
* 124
* 12
fe=(22)
1229 16
+9 8
fi=(3) /build/glibc-bfm8X4/glibc-2.23/elf/get-dynamic-info.h
39 4
fe=(22)
1238 4
fi=(3)
39 4
+6 4
-2 4
+2 8
+15 4
+5 4
+3 4
-1 4
-3 4
-3 80
+10 18
-26 54
+16 78
+10 78
-26 234
+26 4
-26 12
+2 200
+13 88
+2 16
+3 16
+13 8
+20 14
+1 16
+1 16
+1 16
+2 16
+5 16
+1 15
+1 16
+6 12
+5 8
+7 8
+1 12
+16 12
+5 2
+2 2
-2 2
+2 2
+2 4
+2 4
+3 12
+10 1
-8 4
+8 1
+5 2
+3 8
fe=(22)
1245 8
+15 12
+19 8
+2 20
+54 12
+1 4
+3 4
cfi=(24)
cfn=(134)
calls=2 84 
* 10
* 4
cfi=(24)
cfn=(134)
calls=2 84 
* 10
* 8
+9 8
+2 12
+2 4
-2 4
+2 4
+16 8
cfi=(6)
cfn=(10)
calls=4 956 
* 92
+4 8
+1 8
+17 8
+9 4
-5 12
+5 4
+10 8
+10 12
cfi=(15)
cfn=(48) _dl_add_to_namespace_list
calls=4 32 
* 180
+4 16
fi=(3)
68 16
+2 20
fe=(22)
1391 2
fi=(38)
119 8
+8 32
cfi=(27)
cfn=(74)
calls=4 -74 
* 363
* 16
-54 16
-1 24
cfi=(39)
cfn=(128)
calls=4 +12 
* 20
* 4
fi=(40)
+22 15
+1 33
+3 12
fi=(38)
+39 9
cfi=(26)
cfn=(72)
calls=1 33 
* 31
+3 3
fe=(22)
1233 6

fn=(64) _dl_init_paths
661 1
+13 2
-13 8
+13 3
cfi=(23) /build/glibc-bfm8X4/glibc-2.23/elf/dl-hwcaps.c
cfn=(66) _dl_important_hwcaps
calls=1 39 
* 398
+5 1
-5 1
+5 1
cfi=(17)
cfn=(40)
calls=1 94 
* 29
* 1
+1 1
-2 1
+2 2
+8 1
-1 1
+1 2
-1 1
+1 1
-1 3
+5 1
-5 1
+5 1
cfi=(17)
cfn=(40)
calls=1 94 
* 80
* 1
+2 1
-3 1
+3 1
+17 1
+12 1
-9 2
+6 1
-19 1
+10 1
+12 1
-11 1
+2 1
+1 4
-15 1
+23 4
-3 21
cfi=(27)
cfn=(74)
calls=4 53 
* 60
* 4
+3 27
-14 3
+2 3
+1 3
+2 6
-3 3
+4 9
+4 3
-3 3
+3 3
+1 3
-4 9
+4 3
+10 1
+4 1
-11 1
+6 1
+6 1
-12 1
+12 1
+2 4
+2 3
+38 5
+8 3
cfi=(29)
cfn=(84)
calls=1 24 
* 23
* 2
+2 2
cfi=(11)
cfn=(22)
calls=1 66 
* 16
* 8
cfi=(18)
cfn=(46)
calls=1 61 
* 31
* 1
+4 6
+17 1
-4 4
-13 52
+17 13
-4 53
+8 1
cfi=(17)
cfn=(40)
calls=1 94 
* 29
* 1
+1 1
-2 1
+2 1
+6 9
cfn=(80)
calls=1 433 
* 610
+4 5
+6 1
+4 8
-75 1
-2 1
+2 2
+5 1
-1 6
cfn=(76)
calls=1 542 
* 1321
+7 2

fn=(80)
433 16
+2 2
-2 18
+5 2
cfi=(17)
cfn=(82) strsep
calls=2 -84 
* 593
* 8
-66 6
cfi=(29)
cfn=(84)
calls=2 24 
* 70
* 4
+4 4
cfi=(28)
cfn=(78)
calls=2 40 
* 203
* 2
+68 4
cfi=(11)
cfn=(22)
calls=2 66 
* 50
+4 2
-4 2
+4 2
+22 33
+1 18
+55 4
+2 4
cob=(2)
cfi=(16)
cfn=(86)
calls=2 0 
* 14
* 4
-90 2
cfi=(17)
cfn=(82)
calls=2 -84 
* 12
* 6
+94 2
+3 18
-46 6
cfi=(11)
cfn=(22)
calls=1 66 
* 16
* 2
+4 2
-1 4
cfi=(17)
cfn=(40)
calls=1 94 
* 29
* 1
+1 2
-1 4
cfi=(17)
cfn=(40)
calls=1 94 
* 29
* 1
+3 2
-3 2
+3 4
+5 2
+1 4
-2 2
+2 2
cfi=(25)
cfn=(70)
calls=2 61 
* 57
+3 2
-3 2
+1 2
+2 2
+1 1
+5 2
+1 1
-1 2
+1 2
-1 2
+1 1
-1 2
+1 24
+1 22
-1 4
+3 4
+1 6
+1 5
cfi=(18)
cfn=(46)
calls=1 61 
* 18
* 1
+6 1
+1 1
-1 3
+1 1
-1 2
-67 12
+8 2
-3 6
+3 4
+26 2
-34 4
+65 2
-9 4

fn=(108) _dl_map_object
2167 63
+8 9
-8 18
+8 9
+1 36
+3 147
+5 210
+2 90
cfi=(35)
cfn=(110)
calls=30 288 
* 3834
* 60
+4 50
+1 75
+3 11
+2 44
cfi=(19)
cfn=(54)
calls=11 144 
* 310
* 22
2478 72
2213 20
+9 4
-53 4
+53 8
+36 8
-2 4
+2 4
cfi=(29)
cfn=(84)
calls=4 24 
* 92
* 8
2409 2
372 3
cfi=(29)
cfn=(84)
calls=1 24 
* 47
* 2
+4 2
cfi=(28)
cfn=(78)
calls=1 40 
* 128
2410 1
-3 1
+3 2
+4 9
cfn=(112)
calls=1 1695 
* 299
+3 1
-3 1
+3 3
+12 3
+46 1
+1 3
-1 1
+1 9
cfn=(118)
calls=1 871 
* 1444
-1 3
+1 9
-1 3
+1 27
cfn=(118)
calls=3 871 
* 4725
* 18
2262 6
cfi=(11)
cfn=(22)
calls=3 66 
* 48
* 3
+2 3
-2 3
+2 3
+7 12
+36 24
cfn=(140)
calls=2 2018 
* 1025
+6 4
-6 2
+6 6
638 2
2314 2
638 4
+3 2
2401 6
+28 9
+2 12
2275 3
+5 3
-5 3
+5 3
+3 6
-3 3
+3 54
cfn=(140)
calls=3 2018 
* 1559
+4 15
-7 9
638 4
2281 4
638 8
+3 8
+3 6
2336 2
-14 2
+14 2
+2 6
+4 4
cfi=(43) /build/glibc-bfm8X4/glibc-2.23/elf/dl-cache.c
cfn=(146) _dl_load_cache_lookup
calls=2 185 
* 2764
+2 2
-2 2
+2 2
+4 4
+8 6
+23 20
cfn=(112)
calls=2 1695 
* 720
+4 2
-4 2
+4 6
+1 4
-89 6
2471 3
2306 4
647 4

fl=(43)
fn=(146)
185 18
+8 4
+3 6
+45 4
+6 4
+9 2
+6 4
-6 8
+6 2
cfi=(24)
cfn=(68) access
calls=2 84 
* 18
+19 2
-19 2
+19 298
cfn=(150) _dl_cache_libcmp
calls=19 138 
* 1341
* 95
-15 8
+15 28
cfn=(150)
calls=2 138 
* 142
* 14
-82 4
cfi=(35)
cfn=(148)
calls=1 45 
* 94
+8 1
-8 1
+8 4
+1 4
cfi=(14)
cfn=(30)
calls=1 24 
* 38
* 2
+7 1
-3 1
+3 3
+3 1
+1 2
-1 1
+1 1
+1 4
cfi=(14)
cfn=(30)
calls=1 24 
* 32
* 2
+61 42
+16 4
+4 4
+8 6
cfi=(11)
cfn=(22)
calls=2 66 
* 68
* 4
+1 2
-1 8
+1 4
cfi=(18)
cfn=(46)
calls=2 61 
* 170
+1 4
cfi=(28)
cfn=(78)
calls=2 40 
* 218
+1 16
-31 18

fn=(238) _dl_unload_cache
322 4
-1 1
+3 2
cfi=(39)
cfn=(240)
calls=1 84 
* 5
+1 1
+2 2

fn=(150)
138 63
+1 46
+2 204
+2 102
-2 102
+2 4
+6 2
+2 2
-1 2
-1 2
+1 2
+1 8
+2 10
+2 4
+6 200
+2 362
+4 81
+1 81
-29 162
+32 6
-7 38

fl=(2)
fn=(102)
664 20

fn=(96) handle_ld_preload
757 7
+1 1
-1 1
-75 1
+86 1
-11 1
-75 6
+80 3
fi=(32) /build/glibc-bfm8X4/glibc-2.23/elf/../string/bits/string2.h
961 1
+1 145
+1 46
-2 46
+2 46
-2 139
+2 1
-2 3
fe=(2)
766 2
+10 4
108 3
779 2
677 1
+5 5
-10 1
+4 1
+1 1
+1 1
+2 1
+2 1
cfi=(33)
cfn=(100)
calls=1 163 
* 2434
+1 3
+13 3
+84 1
-18 3
+21 9
-15 4
cfi=(18)
cfn=(46)
calls=1 61 
* 55
* 1
+1 2

fn=(26)
790 1
+19 1
-19 7
2390 1
790 3
+19 1
+3 1
-22 1
2385 1
812 1
+4 2
+1 2
+5 2
2383 2
+7 4
-4 1
+4 8
+2 2
cfi=(13)
cfn=(28)
calls=1 30 
* 54
* 4
cfi=(13)
cfn=(28)
calls=2 30 
* 199
* 9
+4 50
+1 19
-1 57
+3 4
+6 14
2553 3
+30 3
832 3
1033 7
cfi=(15)
cfn=(32)
calls=1 61 
* 250
+2 1
-2 1
+2 1
+1 1
+1 1
+5 2
-5 1
+1 2
+4 1
cfi=(15)
cfn=(48)
calls=1 32 
* 33
+1 3
799 1
1072 1
-3 1
-5 1
+1 1
+2 1
+5 7
+56 5
-55 24
-1 27
+1 47
1175 5
+3 2
+2 2
+2 3
+13 3
+1 6
cfi=(19)
cfn=(54)
calls=1 144 
* 44
* 2
+7 1
+3 1
-5 1
+3 1
+2 1
+1 2
+4 2
+2 2
fi=(3)
30 1
+9 2
+6 1
-2 1
+2 2
+15 1
+5 1
+3 1
+2 1
-3 1
-3 1
-3 14
+10 3
-26 9
+16 21
+10 21
-26 63
+26 1
-26 3
+2 50
+13 16
+2 4
+16 3
+38 3
+5 2
+7 2
+1 3
+16 3
+14 3
+18 2
fe=(2)
1218 2
cfi=(6)
cfn=(10)
calls=1 956 
* 23
+3 2
fi=(20) /build/glibc-bfm8X4/glibc-2.23/elf/setup-vdso.h
24 2
fe=(2)
1243 1
cfi=(9)
cfn=(60)
calls=1 45 
* 93
* 8
-75 2
+1 2
+1 1
-6 2
+1 1
-88 3
+1 1
+50 2
-1 8
+2 4
+1 1
+3 2
+1 2
-1 2
+1 2
+1 2
+1 6
+1 2
-43 1
-2 2
+27 1
-25 2
+7 1
-10 1
+10 1
-19 3
+1 1
fi=(3)
65 4
+3 4
+2 4
fe=(2)
2480 1
+1 1
-1 2
+1 3
cfi=(14)
cfn=(30)
calls=1 24 
* 31
* 2
-55 4
cfi=(14)
cfn=(30)
calls=1 24 
* 18
* 2
+7 4
cfi=(14)
cfn=(30)
calls=1 24 
* 36
* 2
+2 3
+48 3
1248 2
cfi=(22)
cfn=(64)
calls=1 661 
* 2962
+3 3
cfi=(30)
cfn=(90)
calls=1 50 
* 17
+7 1
-7 1
+2 1
+5 1
+3 3
+1 1
+3 1
-3 3
+1 2
+3 1
+5 1
-7 1
+7 1
+1 5
+17 2
+1 2
+5 1
-3 4
+2 2
+1 3
+5 3
+1 5
+2 2
+1 2
+5 2
+5 1
805 1
1314 2
1491 1
cfi=(31)
cfn=(92)
calls=1 115 
* 4
* 1
+8 3
+3 1
+4 3
+5 1
+1 1
cfi=(30)
cfn=(94) _dl_debug_state
calls=1 74 
* 1
+1 1
+4 3
+15 3
+4 1
-2 1
+2 2
+2 3
+1 1
-1 2
+1 1
cfn=(96)
calls=1 757 
* 2986
* 1
+1 1
+2 6
+10 3
cfi=(24)
cfn=(68)
calls=1 84 
* 9
* 2
+77 1
-96 1
+96 3
+17 3
+1 1
-1 1
+1 2
-1 1
+1 5
cfi=(41)
cfn=(136) _dl_map_object_deps
calls=1 161 
* 19733
+1 1
+2 2
+3 1
-3 3
+3 1
-3 1
+3 3
+1 4
-1 2
+1 20
-1 10
+4 3
+1 3
+1 1
+2 2
+1 6
-1 7
+1 11
-1 9
-3 1
+16 1
+1 2
-1 1
+1 1
+2 1
+2 3
+2 1
-4 1
+5 1
-1 2
+14 2
+1 2
+1 3
+11 1
+2 1
-2 1
+2 2
-1 1
+1 1
-2 3
+2 1
cfi=(33)
cfn=(154)
calls=1 205 
* 8884
+10 1
+1 1
-1 1
+1 1
+1 1
cfn=(164) init_tls
calls=1 589 
* 671
* 1
+2 2
719 1
+2 3
fi=(132) /build/glibc-bfm8X4/glibc-2.23/elf/../sysdeps/unix/sysv/linux/dl-osinfo.h
77 1
fe=(2)
730 1
+7 1
-5 1
1729 3
1959 3
2129 4
+2 1
+5 3
cfi=(31)
cfn=(234)
calls=1 450 
* 235
+3 2
+9 3
+2 2
+15 1
+2 1
-2 2
+3 1
-3 1
+3 1
-3 1
+3 3
cfi=(46) /build/glibc-bfm8X4/glibc-2.23/elf/dl-reloc.c
cfn=(170) _dl_relocate_object
calls=1 149 
* 4520
+1 1
+2 6
+8 1
cfi=(7)
cfn=(236)
calls=1 256 
* 1
+4 3
+20 3
cfi=(30)
cfn=(90)
calls=1 50 
* 8
+1 1
-1 1
+2 1
cfi=(30)
cfn=(94)
calls=1 74 
* 1
+1 1
+4 1
cfi=(43)
cfn=(238)
calls=1 322 
* 15
+5 8
2080 3
+7 1
+2 3
+19 1
-19 4
+2 1
+2 18
+5 12
+2 12
+6 6
+2 12
+1 40
cfi=(46)
cfn=(170)
calls=5 149 
* 112238
+4 22
-22 14
+25 1
+2 5
+6 1
-6 1
+6 1
-10 4
cfi=(31)
cfn=(204)
calls=2 890 
* 40
* 2
-12 1
+1 1
-3 2
-85 1
+11 1
-7 1
-4 1
+4 3
+4 2
+3 1
1672 2
-39 5
+1 1
-1 3
+4 3
+1 1
+1 2
+1 2
1237 3

fn=(2) _dl_start
353 9
+18 4
fi=(5)
59 1
fe=(2)
371 1
fi=(3)
45 1
fi=(5)
+14 2
fe=(2)
397 1
fi=(3)
45 1
fe=(2)
394 1
fi=(3)
45 1
+25 2
-3 1
-7 1
+5 1
+3 1
+2 1
-3 1
-3 1
-3 2
-13 26
+23 13
-26 39
+26 1
-26 3
+2 36
+13 20
+1 16
+10 4
-26 12
+33 2
+20 4
+1 4
+1 4
+1 4
+2 4
+5 4
+1 4
+1 4
+6 3
+5 2
+7 3
+1 3
+8 3
+2 3
+3 2
+1 2
fe=(2)
408 2
302 1
415 1
302 1
cfi=(6)
cfn=(10)
calls=1 956 
* 23
+1 2
+1 2
+1 2
+1 2
+8 1
+9 1
-9 3
+9 1
-6 1
-3 1
+9 1
cfi=(7)
cfn=(12)
calls=1 86 
* 154951
* 1
+9 1
+3 4
+4 1
-4 1
+4 1
440 9
fi=(3)
62 4
+3 4
fe=(2)
413 26
fi=(4) /build/glibc-bfm8X4/glibc-2.23/elf/do-rel.h
84 1
+27 1
-28 1
+28 2
+1 2
fi=(5)
517 2
fi=(4)
112 18
fi=(5)
517 18
+1 20
fi=(4)
111 20
fi=(5)
518 10
fi=(4)
111 10
+5 2
+8 1
fi=(5)
312 1
fi=(4)
124 2
+12 1
+1 3
fi=(5)
266 1
fi=(4)
137 1
fi=(5)
294 1
fi=(4)
137 2
fi=(5)
294 1
fi=(4)
136 5
+1 15
fi=(5)
266 5
fi=(4)
137 5
fi=(5)
294 5
fi=(4)
137 10
fi=(5)
294 5
+9 12
+3 6
-3 12
+3 18
+6 36
fi=(3)
68 4
+2 3
fi=(5)
425 12
fi=(4)
124 19
fe=(2)

fn=(52)
710 14

fn=(156)
529 2
+2 4
cfi=(45)
cfn=(158)
calls=1 380 
* 8844
* 2
+4 2

fn=(106)
496 1
+2 1
-2 1
+3 8
cfi=(22)
cfn=(108)
calls=1 2167 
* 2358
* 1
+2 2

fn=(50)
704 14

fn=(164)
589 1
+6 1
-6 1
+2 2
+4 1
+10 4
cfi=(17)
cfn=(36)
calls=1 103 
* 38
* 1
+11 1
-5 1
-7 1
+6 1
+2 1
-1 1
+5 1
+2 1
-1 1
+1 14
+2 12
+4 2
+2 2
-2 4
-5 12
+9 3
+3 1
cfi=(31)
cfn=(166)
calls=1 138 
* 107
+7 1
cfi=(31)
cfn=(168)
calls=1 354 
* 439
+1 1
-1 1
+1 1
+6 1
+3 1
-3 1
+3 6
+3 1
+2 1
+1 2

fl=(42)
fn=(142)
34 7
-1 7
+1 7
+1 42
+4 1
-4 24

fl=(15)
fn=(32)
61 70
+1 5
cfi=(11)
cfn=(22)
calls=5 +4 
* 98
+6 5
-6 10
+6 10
+7 20
cfi=(17)
cfn=(36)
calls=5 +28 
* 247
* 5
+3 5
-3 5
+3 5
+4 5
+5 10
-6 5
+6 5
-5 5
+3 10
+2 5
cfi=(18)
cfn=(46)
calls=5 -26 
* 133
+10 5
-10 5
+10 5
-8 5
+9 10
-1 15
+1 15
+3 5
-4 5
+1 5
+3 5
+9 5
-7 5
+4 5
+3 11
+2 2
-2 2
+2 30
-2 30
+12 5
+6 5
-5 5
-1 5
+6 25
+2 4
+3 4
-3 4
+3 4
-3 9
+7 15
+4 8
+2 5
+6 1
+6 1
-3 2
+3 6
-3 8
+3 8
+2 12
cfi=(11)
cfn=(22)
calls=4 -91 
* 134
+4 4
-4 16
+4 12
+64 8
+4 40
68 50
+34 14
+39 16
+70 12
cfi=(25)
cfn=(70)
calls=4 61 
* 142
* 66
+6 62
-1 62
+1 66
-1 4
+1 12
+5 8
-89 2
+32 8
cfi=(17)
cfn=(40)
calls=4 -71 
* 116
* 4
+1 4
-1 4
+1 12
+2 1
-35 2

fn=(48)
32 25
+2 10
cfi=(2)
cfn=(50)
calls=5 704 
* 10
+2 5
-2 5
+2 36
+3 42
+2 4
+2 4
+4 4
+4 4
-4 8
+1 4
+4 8
-4 4
+1 4
+3 4
-3 4
+2 4
cfi=(2)
cfn=(52)
calls=4 710 
* 8
-4 1
+4 1
-4 2
+1 1
+4 2
-4 1
+1 1
+3 1
-3 1
+2 1
cfi=(2)
cfn=(52)
calls=1 710 
* 2
-5 2

fl=(17)
fn=(36)
103 12
+8 36
-4 12
+4 24
+3 12
cfn=(40)
calls=12 -20 
* 456
* 12

fn=(40)
94 35
+1 70
cfn=(44)
calls=35 -43 
* 1034
* 35

fn=(44)
52 108
+1 143
+11 105
+3 35
-3 35
+3 70
-3 3
+3 1
-3 1
+3 130
+4 16
+1 8
+6 32
cfi=(26)
cfn=(72)
calls=4 -45 
* 132
+2 20
+4 12
+3 4
+1 4
+2 20
-3 32
+1 32
+2 160
-31 2
-1 5

fn=(82)
354 8
+2 4
+1 8
+4 100
+7 177
-2 118
+13 2
+4 4
-7 45
-15 139

fn=(88)
120 3
+2 9
+7 6

fl=(25)
fn=(70)
61 39
+4 39
+3 33
+1 33
+2 10
+1 10
+2 10
+1 10
+5 10
+1 10
-1 23
+1 23
+2 16
+1 16
+2 16
+1 16
+5 16
+1 16
-1 17
+1 17
+2 13
+1 13
+2 13
+1 13
+5 13
+1 13
-1 20
+1 20
+2 17
+1 17
+2 17
+1 34
+5 17
+1 17
-1 16
+1 18
+5 2
+1 2
+1 2
+1 2
+2 2
+2 2
+1 2
+2 2
+6 33
+4 33
+12 8
+2 8
+1 8
+26 8
+1 8
+3 8
+1 8
+1 8
+5 8
+2 8
+1 8
+1 8
+1 8
+2 8
+1 8
+1 8
+1 8
+2 8
+1 8
+2 8
+22 8
+2 8
+2 6
+7 6

fl=(44)
fn=(152)
45 4
+6 4
-6 12
+6 4
-6 8
+6 8
+8 16
+22 120
+31 28

fl=(30)
fn=(94)
74 2

fn=(90)
50 12
+5 10
+5 2
-1 1
+1 2
+1 2
-1 1
+4 1
-13 6
+4 12
+4 1
-1 1
-58 6

fl=(1) ???
fn=(0) 0x0000000000000c30
0 2
cfi=(2)
cfn=(2)
calls=1 353 
0 155599
0 14
cfi=(66) /build/glibc-bfm8X4/glibc-2.23/elf/dl-init.c
cfn=(244) _dl_init
calls=1 80 
0 2036
0 3
cob=(7)
cfi=(78)
cfn=(314)
calls=1 0 
0 17669023902

fl=(24)
fn=(134)
84 20
+1 5

fn=(116)
84 16
+1 4

fn=(114)
84 60
+1 5
+1 50

fn=(68)
84 16
+2 20

fl=(18)
fn=(46)
61 32
+2 32
+2 32
+3 22
+1 22
+2 6
+1 6
+2 6
+1 6
+5 6
+1 6
-1 16
+1 16
+2 8
+1 8
+2 8
+1 16
+5 8
+1 8
-1 14
+1 14
+2 5
+1 5
+2 5
+1 5
+5 5
+1 5
-1 17
+1 17
+2 15
+1 15
+2 15
+1 15
+5 15
+1 15
-1 7
+1 17
+5 10
+1 10
+1 10
+1 10
+2 10
+2 10
+1 10
+2 10
+8 22
+8 18
+6 18
+2 18
+1 18
+3 3
+1 9
+5 3
+1 3
+2 3
+2 3
+1 3
+2 3
-8 14
+1 14
+2 14
+2 14
+1 14
+2 20
+9 3
+1 3
-1 15
+1 15
+3 17
+1 17
+1 17
+5 61
+2 61
+1 61
+1 61
+1 61
+2 61
+1 61
+1 61
+1 61
+2 61
+1 61
+2 61
+2 50
+2 50
+1 50
+1 50
+1 50
+2 50
+1 50
+1 50
+1 50
+2 50
+1 50
+2 56
+5 3
+6 3
+1 3
-7 14
+6 14
+1 14
+2 9
+27 1
+2 1
+1 1
+2 191
+1 1
+11 1
+6 1
+1 1
+2 1

fl=(91)
fn=(376)
182 5
+1 4
+1 16
+1 2
+3 2
+4 1
-9 9

fl=(14)
fn=(30)
24 21
+1 21
+1 21
+1 21
+1 21
+1 21
+1 21
+1 21
+3 21
+1 21
+1 7
+1 7
+1 7
+1 7
+1 7
+1 7
+1 7
+2 20
+1 20
+1 6
+1 6
+1 6
+1 6
+1 6
+1 6
+1 6
+2 20
+1 20
+1 7
+1 7
+1 7
+1 7
+1 2
+1 2
+1 2
+2 15
+1 15
+1 8
+1 8
+1 8
+1 8
+5 7
+1 7
+1 7
+1 7
+1 7
+1 7
+1 7
+1 4
+1 4
+1 4
+1 4
+1 4
+7 4
+2 5
+4 13
+1 13
+1 2
+1 2
+1 2
+1 2
+1 2
+1 2
+1 2
+1 2
+1 2
+1 2
+1 2
+4 14
+1 14

fl=(26)
fn=(72)
33 14
-1 140
+1 34
+1 140
+2 98
-3 34

fl=(66)
fn=(244)
80 11
+1 1
+1 1
+3 3
+8 2
+1 2
+25 21
+1 18
-90 32
cfn=(246) call_init.part.0
calls=5 -2 
* 1850
* 5
+96 8
-96 2
+58 2
+16 1
cfn=(246)
calls=1 -76 
* 76
* 1

fn=(246)
28 30
+8 6
+3 6
-3 12
+3 18
+5 35
+5 8
+9 24
cob=(2)
cfi=(16)
cfn=(294)
calls=1 -58 
* 6
cob=(2)
cfi=(16)
cfn=(282)
calls=1 -58 
* 6
cob=(3)
cfi=(68)
cfn=(260)
calls=1 -6 
* 206
cob=(2)
cfi=(16)
cfn=(248)
calls=1 -58 
* 6
* 4
+4 8
+6 4
+2 8
-2 8
+3 20
+1 16
cob=(6)
cfi=(77)
cfn=(298)
calls=1 -72 
* 211
cob=(4)
cfi=(61)
cfn=(286) 0x00000000000056d0
calls=1 -72 
* 17
cob=(3)
cfi=(74)
cfn=(272)
calls=1 482 
* 1161
cob=(5)
cfi=(67)
cfn=(252) 0x0000000000000650
calls=1 -72 
* 17
* 8
cob=(6)
cfi=(77)
cfn=(304)
calls=1 -72 
* 17
cob=(3)
cfi=(76)
cfn=(280)
calls=1 -39 
* 4
* 6
-1 12
+3 36
-29 3
-5 3

fl=(23)
fn=(66)
39 6
+3 1
-3 2
+3 1
-1 1
+1 1
+9 1
-12 4
+12 2
+10 4
162 2
-47 3
cfi=(24)
cfn=(68)
calls=1 -31 
* 9
* 2
+55 3
+2 2
+1 5
+4 2
+4 1
-4 1
+1 1
+3 1
+3 1
+1 1
-1 1
+4 3
+1 1
-1 9
+1 1
+18 10
+1 2
-1 1
+1 3
cfi=(17)
cfn=(40)
calls=1 94 
* 29
* 1
+1 1
-1 1
+1 5
+29 1
+3 1
-3 2
+3 1
+23 7
+6 2
-1 2
+1 6
-1 8
+5 6
+3 1
-3 1
+3 1
-3 3
+3 1
-3 1
+3 5
+1 12
+1 4
-1 4
+1 8
-2 4
+1 8
-1 14
+4 4
+4 1
-1 1
+2 1
-2 1
+1 1
+1 1
-2 1
+2 10
+13 2
+1 1
-1 1
+3 2
-3 2
+1 1
-1 1
+3 2
+3 4
+3 1
-1 1
+1 9
113 1
+17 1
+1 1
-1 9
243 6
cfi=(25)
cfn=(70)
calls=1 61 
* 22
* 4
cfi=(25)
cfn=(70)
calls=1 61 
* 18
+1 4
cfi=(25)
cfn=(70)
calls=1 61 
* 22
* 4
cfi=(25)
cfn=(70)
calls=1 61 
* 18
* 12

fl=(41)
fn=(138)
60 16
+7 8
-4 88
cfi=(22)
cfn=(108)
calls=8 2167 
* 16032
* 8
+5 16

fn=(136)
161 1
-1 1
+1 1
-1 4
+1 1
-1 2
+1 1
-1 2
+1 1
-1 2
+1 3
-15 1
+15 1
-17 1
+1 1
+1 1
+6 4
+26 1
-26 1
+26 7
-34 1
+2 1
+33 2
-33 1
-2 1
+2 2
-2 1
+1 1
+1 1
+6 3
+26 1
-26 1
+26 5
+4 1
+21 1
+1 1
-22 2
+19 1
-12 1
+15 1
-16 2
+13 1
317 9
217 1
-4 1
-4 1
+8 6
-4 5
-4 5
+8 5
+12 12
+2 4
+11 4
-5 4
-6 8
+5 4
+2 8
+1 8
+3 28
+50 24
+1 18
-51 420
+1 210
+6 40
cfi=(29)
cfn=(84)
calls=8 24 
* 261
* 16
+5 40
-3 8
+3 8
cfi=(33)
cfn=(100)
calls=8 -91 
* 16664
+2 24
+15 8
+2 16
+5 4
+6 4
+2 4
-8 8
+3 4
+1 4
+1 4
+1 4
+4 24
+7 291
459 18
+2 12
+2 12
cfi=(17)
cfn=(40)
calls=4 94 
* 116
* 4
+2 4
-2 4
+2 4
+4 16
-1 4
+1 4
cfi=(18)
cfn=(46)
calls=4 61 
* 96
+1 20
cfi=(18)
cfn=(46)
calls=4 61 
* 96
+4 4
-1 4
+5 34
+7 6
+1 1
+3 5
+10 4
cfi=(17)
cfn=(40)
calls=1 94 
* 29
* 1
+3 1
-3 1
+3 1
+5 6
+1 1
-1 3
+1 2
+8 2
+4 3
-4 1
-6 3
-2 5
+8 10
+4 15
-4 5
-6 15
+13 3
+51 3
+2 3
+42 1
-4 1
+5 2
-1 4
+1 2
cfi=(27)
cfn=(74)
calls=1 53 
* 15
* 1
-2 9
+7 1
-1 1
+1 1
-1 2
+7 1
-7 1
+7 2
-13 5
+7 5
-1 5
+1 5
-1 10
+7 5
-7 5
+7 15
+2 20
+1 10
-1 28
+1 21
+2 72
+1 54
+4 10
cfi=(44)
cfn=(152)
calls=1 45 
* 66
+4 3
-2 1
+2 6
+20 36
cfi=(27)
cfn=(74)
calls=4 53 
* 69
* 20
-6 11
-28 22
+31 18
-10 7
cfi=(44)
cfn=(152)
calls=1 45 
* 36
+2 3
+2 2
-2 1
+2 3
+16 2
+2 1
+1 1
-1 1
+2 3
+7 3
+3 3
+3 8
481 15
-1 6
+1 13
202 2
+27 8
-19 4
+8 39
+2 4
+2 16
+2 45
338 10
611 8
cfi=(18)
cfn=(46)
calls=1 61 
* 47
+2 1
-38 1
+38 1
209 2

fl=(46)
fn=(170)
149 60
+15 6
-15 12
+15 6
+1 36
+6 12
+6 18
-18 12
+22 12
+7 6
-32 6
+32 6
+44 6
fi=(5)
76 18
fe=(46)
232 12
fi=(5)
76 18
+6 10
+4 15
+14 5
-8 5
+10 5
-2 10
+20 10
+9 3
fe=(46)
258 248
-98 30
fi=(5)
301 40
fe=(46)
-43 5
fi=(4)
58 5
-10 5
-1 10
+11 5
-11 5
+11 5
fe=(46)
258 1
-98 6
fi=(5)
301 8
fe=(46)
-43 1
fi=(4)
58 1
-10 1
-1 2
+11 1
-11 1
+11 1
fe=(46)
258 6
fi=(4)
58 6
-10 6
-1 12
+11 6
-11 6
+11 6
+3 25
fi=(5)
528 482
+4 482
+2 723
+1 241
fi=(4)
61 783
+2 1052
+2 70
-4 6
+13 10
+1 10
+1 44
fi=(5)
528 22
+26 22
fi=(4)
75 22
fi=(5)
554 44
cob=(4)
cfi=(61)
cfn=(232) sin
calls=1 0 
* 8
cob=(4)
cfi=(61)
cfn=(230) __atan2_finite
calls=1 0 
* 8
cob=(4)
cfi=(63) /build/glibc-bfm8X4/glibc-2.23/math/../sysdeps/x86_64/fpu/multiarch/e_asin.c
cfn=(228) __asin_finite
calls=1 16 
* 5
cob=(4)
cfi=(65) /build/glibc-bfm8X4/glibc-2.23/math/../sysdeps/x86_64/fpu/multiarch/s_floor.S
cfn=(226) floor
calls=1 25 
* 5
cob=(4)
cfi=(64) /build/glibc-bfm8X4/glibc-2.23/math/../sysdeps/x86_64/fpu/multiarch/s_floorf.S
cfn=(224) floorf
calls=1 25 
* 5
cob=(4)
cfi=(63)
cfn=(222) __acos_finite
calls=1 10 
* 5
cob=(4)
cfi=(62) /build/glibc-bfm8X4/glibc-2.23/math/../sysdeps/x86_64/fpu/multiarch/s_rintf.S
cfn=(220) rintf
calls=1 25 
* 5
cob=(4)
cfi=(61)
cfn=(218) __log_finite
calls=1 0 
* 8
cob=(4)
cfi=(60) /build/glibc-bfm8X4/glibc-2.23/math/../sysdeps/x86_64/fpu/multiarch/e_pow.c
cfn=(216) __pow_finite
calls=1 8 
* 5
cob=(4)
cfi=(59) /build/glibc-bfm8X4/glibc-2.23/math/../sysdeps/x86_64/fpu/multiarch/s_ceil.S
cfn=(214) ceil
calls=1 25 
* 5
cob=(4)
cfi=(58) /build/glibc-bfm8X4/glibc-2.23/math/../sysdeps/x86_64/fpu/multiarch/s_ceilf.S
cfn=(212) ceilf
calls=1 25 
* 5
cob=(4)
cfi=(57) /build/glibc-bfm8X4/glibc-2.23/math/../sysdeps/x86_64/fpu/multiarch/s_rint.S
cfn=(210) rint
calls=1 25 
* 5
cob=(4)
cfi=(56) /build/glibc-bfm8X4/glibc-2.23/math/../sysdeps/x86_64/fpu/multiarch/s_sin.c
cfn=(208) cos
calls=1 12 
* 8
cob=(4)
cfi=(55) /build/glibc-bfm8X4/glibc-2.23/math/../sysdeps/x86_64/fpu/multiarch/e_exp.c
cfn=(206) __exp_finite
calls=1 9 
* 8
cob=(3)
cfi=(54)
cfn=(202)
calls=1 0 
* 11
cob=(3)
cfi=(53)
cfn=(198)
calls=1 37 
* 66
cob=(3)
cfi=(52)
cfn=(196)
calls=1 30 
* 6
cob=(3)
cfi=(51)
cfn=(194)
calls=1 45 
* 6
cob=(3)
cfi=(47)
cfn=(192)
calls=1 129 
* 5
cob=(3)
cfi=(51)
cfn=(190)
calls=1 45 
* 6
cob=(3)
cfi=(48)
cfn=(184)
calls=1 38 
* 66
cob=(3)
cfi=(47)
cfn=(182)
calls=1 109 
* 5
fi=(4)
75 22
fi=(5)
555 22
fi=(4)
75 28
fe=(46)
258 4
fi=(4)
75 20
fe=(46)
258 20
+3 24
+24 6
+3 12
+17 18
+2 48
fi=(4)
84 7
-1 7
+3 14
-3 7
+3 7
+12 21
+10 10
+3 14
fi=(5)
512 4
fi=(4)
112 8
fi=(5)
512 1237
fi=(4)
112 2458
fi=(5)
512 2458
+5 2466
+1 2466
fi=(4)
111 2466
fi=(5)
518 1233
fi=(4)
111 1233
+7 21
+6 6
-3 12
+3 16
fi=(5)
447 15
fi=(4)
127 580
+9 290
+3 145
-3 145
+3 145
fi=(5)
269 145
fi=(4)
138 145
-2 145
+1 580
fi=(5)
269 145
+21 290
+4 290
+7 2898
fi=(4)
137 120
fi=(5)
301 240
fi=(4)
137 120
fi=(5)
301 120
fi=(4)
137 120
fi=(5)
301 240
fi=(4)
137 6
fi=(5)
301 12
fi=(4)
137 6
fi=(5)
301 6
fi=(4)
137 6
fi=(5)
301 1776
cfi=(6)
cfn=(176)
calls=126 806 
* 77230
* 1008
+2 393
+3 135
-3 270
+3 405
+6 870
fe=(46)
178 12
fi=(5)
435 357
fi=(4)
124 445
+19 10
fi=(5)
301 78
fi=(4)
108 3
fi=(5)
407 48
+4 80
+14 80
-72 6
+11 8
-19 4
+1 6
474 18
+4 42
cfi=(18)
cfn=(46)
calls=6 61 
* 1508
+2 24
+1 6
fe=(46)
313 30
+3 6
-3 12
+3 6
+4 12
+1 24
cfi=(39)
cfn=(128)
calls=6 84 
* 30
* 18
fi=(5)
123 25
+6 20
fe=(46)
258 3
fi=(4)
129 12
fi=(5)
301 145
fi=(4)
160 7
+2 20
+8 10
+1 5
-1 5
+1 5
fi=(5)
+98 5
fi=(4)
-99 15
fi=(5)
+99 5
+21 10
+4 10
+7 180
cfi=(6)
cfn=(176)
calls=5 806 
* 2805
* 35
+2 15
+3 1
-3 2
+3 3
+6 30
435 15
fi=(4)
160 17
+14 2
fi=(5)
301 10
fe=(46)

ob=(5)
fl=(67)
fn=(252)
0 17

fn=(700)
0 8
cob=(2)
cfi=(16)
cfn=(706)
calls=1 0 
0 57
0 1
cfn=(714) 0x0000000000000580
calls=1 0 
0 9
0 3

fn=(714)
0 9

ob=(4)
fl=(118)
fn=(646)
28 1380
+14 460
cfi=(119) /build/glibc-bfm8X4/glibc-2.23/math/../sysdeps/ieee754/dbl-64/e_log.c
cfn=(650) __ieee754_log_avx
calls=460 +36 
* 62776
* 460

fl=(65)
fn=(226)
25 1
+1 1
+1 1
+1 1
+2 1

fl=(57)
fn=(210)
25 1
+1 1
+1 1
+1 1
+2 1

fl=(122)
fn=(668)
26 48
+1 144
cfi=(123) /build/glibc-bfm8X4/glibc-2.23/math/../sysdeps/ieee754/dbl-64/e_pow.c
cfn=(672) __ieee754_pow_sse2
calls=48 +38 
* 13872
* 48
+1 384
+30 192
+15 96

fl=(121) /build/glibc-bfm8X4/glibc-2.23/math/../sysdeps/ieee754/dbl-64/e_exp.c
fn=(676) __exp1
249 48
-1 48
+1 48
+1 96
+2 144
+2 48
+19 48
+7 48
-26 96
+5 48
-5 48
+26 48
-25 48
+2 48
+5 48
-7 48
+13 144
-13 48
+4 48
+1 48
+5 48
-5 48
+2 96
+2 48
+1 48
+5 48
+1 48
-1 48
+1 48
-1 48
+3 48
+1 48
-9 48
+5 48
+4 144
-1 48
+1 48
-1 96
-8 48
+1 48
+7 96
-7 96
+7 48
-7 48
+8 48
-8 96
+8 144
-8 48
+8 48
+3 96
-3 48
+3 48
-3 48
+3 144
+1 96
+2 336
+1 192

fn=(662) __ieee754_exp_avx
56 1040
fi=(124) /build/glibc-bfm8X4/glibc-2.23/math/../sysdeps/i386/fpu/fenv_private.h
429 260
+1 780
+3 260
-3 260
+3 260
fe=(121)
66 260
-1 260
+1 260
+1 520
+2 780
+2 260
+6 260
-6 260
+19 260
-19 260
+8 260
-3 260
-5 260
+1 260
+2 260
-2 260
+13 1040
-13 260
+4 260
+1 520
+2 260
-2 260
+2 260
+2 260
+1 260
+5 260
+1 260
-1 260
+1 260
-1 260
+3 260
+1 260
-9 260
+1 260
+4 260
+4 780
-1 260
-8 260
+8 520
+1 260
-1 520
-7 520
+7 260
-7 260
+8 260
-8 520
+8 780
-8 260
+8 260
+3 520
-3 260
+3 260
-3 260
+3 780
+1 520
+2 1820
+2 520
fi=(124)
445 520
fe=(121)
231 1040

fl=(59)
fn=(214)
25 1
+1 1
+1 1
+1 1
+2 1

fl=(64)
fn=(224)
25 1
+1 1
+1 1
+1 1
+2 1

fl=(123)
fn=(672)
65 48
+5 48
-5 96
+6 48
-6 48
+7 48
-7 48
+7 64
+16 144
+3 192
-2 96
fi=(124)
429 48
+1 48
+3 48
-3 96
+3 48
-3 48
+3 48
fe=(123)
100 720
261 48
-1 48
+6 48
-16 48
+11 48
+3 48
-3 48
+3 48
+8 192
+2 20
+1 100
+8 160
+1 20
+1 20
+1 20
-1 20
+1 20
-11 112
+8 224
+1 28
+1 28
+1 28
-1 28
+1 28
+40 16
+1 16
-2 16
+2 16
+4 16
-5 16
+1 16
+1 16
+5 16
-6 16
+1 16
+3 16
+2 32
-7 16
+3 32
+2 16
+2 16
-1 16
-1 16
+1 16
+1 304
+2 16
-2 16
+2 16
+2 48
+1 16
-2 16
106 16
+8 48
-8 48
+8 16
-5 16
-2 16
+3 16
-4 32
+8 96
-8 96
+8 32
-5 32
-2 32
+3 32
+4 32
-7 64
+3 32
-1 32
+1 32
-1 32
+1 32
+4 32
-4 96
+1 64
+3 96
cfi=(121)
cfn=(676)
calls=32 249 
* 2720
* 16
-7 32
+3 16
-1 16
+1 16
-1 16
+1 16
+4 16
-4 48
+1 32
+3 48
cfi=(121)
cfn=(676)
calls=16 249 
* 1360
+1 432
fi=(124)
445 96
fe=(123)
118 144
+2 144
+3 144
+91 192
74 176
+2 132
+2 132
195 44
78 44
+2 132
+2 132
+2 176
280 28
-1 28
+1 56
+8 96
+16 64
+6 32
-6 32
+9 32
-9 96
+11 32
-11 160
+2 32
+2 32
+7 32
-9 32
+1 32
+1 32
-1 32
+3 32
+3 32
+2 32
-7 32
+2 32
+3 32
-4 32
+4 32
-3 32
+1 32
+4 64
-4 32
+3 32
+1 64
-1 32
+1 320
+4 32
-4 96
+2 64
+2 64
-1 32
+1 32
+1 64

fl=(63)
fn=(228)
16 5

fn=(222)
10 5

fl=(55)
fn=(206)
9 8

fl=(120)
fn=(658)
25 260
+1 520
cfi=(121)
cfn=(662)
calls=260 +30 
* 26000
* 260
+1 2600
+5 520

fl=(58)
fn=(212)
25 1
+1 1
+1 1
+1 1
+2 1

fl=(119)
fn=(650)
78 460
-20 1840
+19 460
-19 920
+20 460
-20 460
+23 460
-23 460
+23 460
-1 460
+11 920
+5 920
+1 460
-1 460
+1 1840
+71 456
+1 456
-1 912
+1 912
-1 456
+1 456
-1 456
+1 456
+1 1824
+2 156
+1 156
+6 156
-3 156
+3 156
+8 312
-11 156
+20 156
-17 156
+1 312
+3 312
+4 156
-4 156
+14 156
-10 156
-4 312
+13 156
-13 156
+4 156
-4 156
+1 312
+3 312
+2 156
-2 156
+2 312
+8 156
+2 156
-2 312
+4 156
-12 156
+12 312
-14 468
+1 156
+2 312
+3 936
+5 156
+1 468
+1 156
+1 468
-22 300
-3 300
+3 300
+8 600
-11 300
+20 300
-17 300
+1 600
+3 600
+4 300
-4 300
+14 300
-10 300
-4 600
+13 300
-13 300
+4 300
-4 300
+1 600
+3 600
+2 300
-2 300
+2 600
+8 300
+2 300
-2 600
+4 300
-12 300
+12 600
-14 900
+1 300
+2 600
+3 1800
+5 300
+1 900
+1 300
+1 1940
+1 4424
+1 1164
+4 388
-4 1164
+1 388
+3 2716
-4 204
+4 68
-4 204
+1 68
+3 932
-6 1176
+57 4140
-56 204
101 12
+1 4
-1 4
+5 4
+1 8
-1 4
+1 56
+1 8
-1 8
+1 4
-1 36
+1 12
+3 4
+8 4
-8 12
+1 8
+1 8
+1 8
+1 8
+1 8
+1 16
+2 20
+3 40
-14 16

fl=(56)
fn=(208)
12 8

fl=(109)
fn=(548)
137 20160
+6 6720
-5 6720
+5 6720
-5 6720
+8 13440
257 5528
-84 13440
+23 11653
+7 3741
+3 3741
+1 3741
+4 3741
+3 3741
-8 3741
+5 7482
-4 3741
+4 3741
-3 3741
+3 3741
-3 3741
+3 33669
+1 3741
-1 3741
+1 11223
+1 22446
+1 3741
-8 2764
+1 2764
+4 2764
+3 2764
-8 2764
+5 5528
-4 2764
+4 2764
-3 2764
+3 2764
-3 2764
+3 24876
+1 2764
-1 2764
+1 8292
+1 16584
+1 2764
+4 2764
+2 2764
-2 5528
+1 2764
+1 2764
+2 2754
+7 4131
-31 1075
+1 430
+1 645
+57 430
-82 5528
+2 1387
+2 1387
-2 1387
+6 5548
+10 2774
+1 4161
-1 2754
+1 4131
+21 14964
+42 7482
-69 1377
+2 2754
-2 1377
+1 2754
+1 1377
+1 1377
-1 2754
+42 2754
+2 1377
-2 1377
+1 1377
-1 1377
+1 1377
+1 9639
+1 2754
-14 6935
-33 9639

fl=(61)
fn=(230)
0 8

fn=(218)
0 8

fn=(232)
0 8

fn=(286)
0 17

fn=(750) 0x0000000000005600
0 9

fn=(740)
0 8
cob=(2)
cfi=(16)
cfn=(746)
calls=1 0 
0 57
0 1
cfn=(750)
calls=1 0 
0 9
0 3

fl=(62)
fn=(220)
25 1
+1 1
+1 1
+1 1
+2 1

fl=(60)
fn=(216)
8 5

totals: 17669181556
